0 120.047401 0.495334
0 [-0.31588668 -0.1265603   0.11701384 -0.2278612   0.9047569 ] [-0.34446827 -0.14714003  0.10072071 -0.22223772  0.89451504] [-0.3629557  -0.10412291  0.14427492 -0.24138092  0.88223666]
0 mil_data/data/sim_push/object_633/cond11.samp0.gif mil_data/data/sim_push/object_633/cond10.samp0.gif mil_data/data/sim_push//object_599/cond22.samp0.gif
1 102.598068 0.499710
1 [-0.33407643  0.55143726  0.73016703  0.10613194  0.19975486] [-0.32949048  0.5533396   0.7301869   0.10569535  0.20225464] [-0.32929635  0.5519505   0.73010945  0.11914059  0.19914883]
1 mil_data/data/sim_push/object_187/cond11.samp0.gif mil_data/data/sim_push/object_187/cond23.samp0.gif mil_data/data/sim_push//object_511/cond8.samp0.gif
2 112.048523 0.498700
2 [-0.07889639  0.81447446  0.5555907   0.14204372  0.03936053] [-0.07004558  0.81686205  0.5468302   0.16657159  0.03256941] [-0.06970308  0.81094813  0.55432296  0.16776313  0.04567463]
2 mil_data/data/sim_push/object_357/cond9.samp0.gif mil_data/data/sim_push/object_357/cond3.samp0.gif mil_data/data/sim_push//object_520/cond9.samp0.gif
3 109.239754 0.491610
3 [ 0.14382648  0.4807382   0.781498    0.13118735 -0.34677863] [ 0.1495726   0.4514849   0.7838775   0.1510033  -0.36949074] [ 0.13838392  0.48748916  0.78817326  0.13082188 -0.32384056]
3 mil_data/data/sim_push/object_652/cond4.samp0.gif mil_data/data/sim_push/object_652/cond8.samp0.gif mil_data/data/sim_push//object_413/cond0.samp0.gif
4 105.940247 0.422232
4 [-0.537052   0.2577539 -0.0547481  0.2863256 -0.7484373] [-0.53807724  0.20797677 -0.07276368  0.32926205 -0.7439829 ] [-0.55210465  0.35968983  0.06452518  0.26952785 -0.69928163]
4 mil_data/data/sim_push/object_610/cond10.samp0.gif mil_data/data/sim_push/object_610/cond19.samp0.gif mil_data/data/sim_push//object_200/cond12.samp0.gif
5 98.869659 0.483401
5 [ 0.02646187 -0.74546856 -0.65901864  0.035622   -0.08945294] [ 0.02311057 -0.74230915 -0.6642805   0.028619   -0.07972112] [ 0.02351499 -0.76069075 -0.6448091   0.01964129 -0.06805927]
5 mil_data/data/sim_push/object_67/cond16.samp0.gif mil_data/data/sim_push/object_67/cond0.samp0.gif mil_data/data/sim_push//object_498/cond9.samp0.gif
6 96.858086 0.477734
6 [ 0.23901288 -0.7278781  -0.59011954 -0.03631141  0.2520054 ] [ 0.2648399  -0.7121664  -0.5835522  -0.04650535  0.28281263] [ 0.28736934 -0.7242879  -0.5557299  -0.07709461  0.27936825]
6 mil_data/data/sim_push/object_434/cond2.samp0.gif mil_data/data/sim_push/object_434/cond1.samp0.gif mil_data/data/sim_push//object_693/cond22.samp0.gif
7 89.571678 0.467924
7 [ 0.05269466 -0.6958519  -0.6799544   0.00682253  0.22500847] [ 0.04691964 -0.69809145 -0.6810627  -0.00381512  0.21588403] [ 0.10998201 -0.72734606 -0.64260316 -0.08627594  0.19618696]
7 mil_data/data/sim_push/object_595/cond18.samp0.gif mil_data/data/sim_push/object_595/cond5.samp0.gif mil_data/data/sim_push//object_492/cond14.samp0.gif
8 90.594307 0.460999
8 [ 0.62801266 -0.37673545 -0.40709424 -0.11060374  0.5345199 ] [ 0.6243643  -0.39149895 -0.42120147 -0.11114388  0.51685   ] [ 0.6782436  -0.42269933 -0.31226078 -0.23701102  0.45566416]
8 mil_data/data/sim_push/object_293/cond3.samp0.gif mil_data/data/sim_push/object_293/cond20.samp0.gif mil_data/data/sim_push//object_590/cond9.samp0.gif
9 79.527603 0.403862
9 [ 0.28925088 -0.2858303  -0.28969243  0.24190202  0.8319836 ] [ 0.29169303 -0.27011496 -0.29544234  0.24049611  0.8347626 ] [ 0.4564118  -0.45554852 -0.198281   -0.00121597  0.7381374 ]
9 mil_data/data/sim_push/object_165/cond23.samp0.gif mil_data/data/sim_push/object_165/cond8.samp0.gif mil_data/data/sim_push//object_418/cond15.samp0.gif
10 86.955276 0.355478
10 [ 0.11617906 -0.12690358 -0.08891733  0.6880768   0.6993153 ] [ 0.17870149 -0.12765642  0.02675015  0.6396378   0.73615044] [ 0.34288347 -0.25430614  0.13431609  0.50962627  0.7348466 ]
10 mil_data/data/sim_push/object_724/cond1.samp0.gif mil_data/data/sim_push/object_724/cond5.samp0.gif mil_data/data/sim_push//object_587/cond21.samp0.gif
11 82.382698 0.258711
11 [-0.0787477   0.5869109  -0.15325446  0.63268614  0.474927  ] [-0.02923056  0.64427817 -0.07062653  0.57859045  0.49426335] [ 9.0078764e-02  6.4387214e-01 -1.2706849e-04  5.5658716e-01
  5.1722842e-01]
11 mil_data/data/sim_push/object_628/cond15.samp0.gif mil_data/data/sim_push/object_628/cond22.samp0.gif mil_data/data/sim_push//object_243/cond1.samp0.gif
12 79.272888 0.230964
12 [-0.54940027  0.52174765 -0.40377787  0.50107145  0.10876408] [-0.55077213  0.57012004 -0.37873808  0.46893343  0.09095143] [-0.5506907   0.6531039  -0.36488873  0.36986208  0.01591544]
12 mil_data/data/sim_push/object_465/cond11.samp0.gif mil_data/data/sim_push/object_465/cond6.samp0.gif mil_data/data/sim_push//object_352/cond0.samp0.gif
13 75.676033 0.230635
13 [-0.6871656   0.32525438 -0.31113848  0.5579281   0.11799207] [-0.6844074   0.31716654 -0.31383926  0.56318116  0.12378885] [-0.7875082   0.35978967 -0.2693759   0.41852263 -0.05155319]
13 mil_data/data/sim_push/object_313/cond2.samp0.gif mil_data/data/sim_push/object_313/cond3.samp0.gif mil_data/data/sim_push//object_359/cond13.samp0.gif
14 76.781013 0.216126
14 [-0.60002846  0.08460341 -0.11432458  0.7834844  -0.07674841] [-0.59398013  0.02677249 -0.16243762  0.7852276  -0.05918101] [-0.63163245  0.13456579  0.12753387  0.7227807  -0.21037021]
14 mil_data/data/sim_push/object_656/cond6.samp0.gif mil_data/data/sim_push/object_656/cond2.samp0.gif mil_data/data/sim_push//object_210/cond4.samp0.gif
15 70.538750 0.197625
15 [-0.4627252   0.26002467 -0.09515287  0.83774555  0.08602861] [-0.4682021   0.22728884 -0.10018599  0.84407675  0.08138612] [-0.4941632   0.20332041  0.16431731  0.82834244 -0.03622536]
15 mil_data/data/sim_push/object_396/cond7.samp0.gif mil_data/data/sim_push/object_396/cond9.samp0.gif mil_data/data/sim_push//object_493/cond6.samp0.gif
16 77.205437 0.075930
16 [-0.36893412  0.40575173 -0.16938038  0.7878503   0.22328293] [-0.36743736  0.35075015 -0.21791978  0.8075231   0.20586737] [-0.24023664  0.5779115   0.19458884  0.7185196   0.2327431 ]
16 mil_data/data/sim_push/object_100/cond18.samp0.gif mil_data/data/sim_push/object_100/cond21.samp0.gif mil_data/data/sim_push//object_322/cond4.samp0.gif
17 83.685928 0.086794
17 [-0.199805    0.6613379  -0.1027128   0.682224    0.21617253] [-0.21962619  0.6295616  -0.14605819  0.7000103   0.20992629] [-0.01408079  0.8488411   0.1280658   0.48577547  0.16398737]
17 mil_data/data/sim_push/object_525/cond8.samp0.gif mil_data/data/sim_push/object_525/cond5.samp0.gif mil_data/data/sim_push//object_45/cond0.samp0.gif
18 77.636261 0.013752
18 [-0.16012806  0.45821205 -0.37121028  0.7652069   0.20263776] [-0.11561387  0.5568914  -0.3132552   0.7199384   0.24508218] [ 0.46412137  0.8278213   0.22361524 -0.05840998  0.21421447]
18 mil_data/data/sim_push/object_465/cond18.samp0.gif mil_data/data/sim_push/object_465/cond0.samp0.gif mil_data/data/sim_push//object_430/cond20.samp0.gif
19 74.306931 0.000000
19 [0.35157993 0.81590414 0.40748444 0.02343325 0.20999831] [-0.01833262  0.68939    -0.12792522  0.6628128   0.26214403] [ 0.6435001   0.6648932   0.35443056 -0.08625086  0.10375109]
19 mil_data/data/sim_push/object_246/cond19.samp0.gif mil_data/data/sim_push/object_246/cond12.samp0.gif mil_data/data/sim_push//object_611/cond5.samp0.gif
20 70.715286 0.005997
20 [-0.17429453  0.3779891  -0.46598646  0.7711546   0.12215958] [-0.19663861  0.26818234 -0.5212836   0.78094333  0.08833063] [ 0.8090307   0.45773476  0.1232775  -0.3403781  -0.06995513]
20 mil_data/data/sim_push/object_470/cond0.samp0.gif mil_data/data/sim_push/object_470/cond3.samp0.gif mil_data/data/sim_push//object_161/cond19.samp0.gif
21 72.285156 0.000000
21 [-0.16639614  0.5826471  -0.4496188   0.59149057  0.28428257] [-0.18842188  0.59980124 -0.40596366  0.6060072   0.26960033] [ 0.7542538   0.5188086  -0.14436555 -0.37526876 -0.0164559 ]
21 mil_data/data/sim_push/object_317/cond15.samp0.gif mil_data/data/sim_push/object_317/cond22.samp0.gif mil_data/data/sim_push//object_278/cond22.samp0.gif
22 69.540573 0.062424
22 [-0.18402778  0.47172314 -0.62141865  0.5323343   0.27215818] [-0.10547702  0.631067   -0.5576203   0.41275355  0.33064064] [ 0.6556951   0.01306461 -0.0901013  -0.74813396 -0.04550418]
22 mil_data/data/sim_push/object_155/cond2.samp0.gif mil_data/data/sim_push/object_155/cond1.samp0.gif mil_data/data/sim_push//object_351/cond5.samp0.gif
23 74.931450 0.040003
23 [-0.13846397  0.6600503  -0.5602374   0.3155701   0.36291996] [-0.20683272  0.5995442  -0.5877858   0.38882878  0.31794193] [ 0.4697253  -0.19116525 -0.20459226 -0.8204487  -0.16679296]
23 mil_data/data/sim_push/object_371/cond4.samp0.gif mil_data/data/sim_push/object_371/cond10.samp0.gif mil_data/data/sim_push//object_735/cond10.samp0.gif
24 66.971413 0.040339
24 [-0.33042496  0.38141838 -0.65882933  0.4445683   0.3371087 ] [-0.2934865   0.5323328  -0.5940557   0.3565977   0.38784465] [ 0.47881183 -0.11253021  0.04204771 -0.86852574 -0.04439837]
24 mil_data/data/sim_push/object_588/cond1.samp0.gif mil_data/data/sim_push/object_588/cond12.samp0.gif mil_data/data/sim_push//object_45/cond18.samp0.gif
25 71.757500 0.025007
25 [-0.4323502   0.33559394 -0.62649137  0.42800418  0.35322937] [-0.3712605   0.5251566  -0.53539     0.22808708  0.49770477] [ 0.30846083 -0.26660386 -0.12813063 -0.9040617   0.00542789]
25 mil_data/data/sim_push/object_111/cond7.samp0.gif mil_data/data/sim_push/object_111/cond3.samp0.gif mil_data/data/sim_push//object_120/cond10.samp0.gif
26 62.733673 0.044780
26 [-0.42351538  0.40379167 -0.5297942   0.51136005  0.33972946] [-0.43312502  0.1716311  -0.635373    0.5740446   0.2229783 ] [ 0.31034082 -0.37448573 -0.22256444 -0.84118944 -0.0794626 ]
26 mil_data/data/sim_push/object_448/cond22.samp0.gif mil_data/data/sim_push/object_448/cond5.samp0.gif mil_data/data/sim_push//object_99/cond23.samp0.gif
27 70.513298 0.003780
27 [-0.49278867  0.40570676 -0.38581043  0.5935957   0.30225146] [-0.49169552  0.37478936 -0.4065353   0.6065469   0.29085788] [-0.5130347  -0.4136679  -0.05394939 -0.7218726  -0.20411703]
27 mil_data/data/sim_push/object_707/cond12.samp0.gif mil_data/data/sim_push/object_707/cond21.samp0.gif mil_data/data/sim_push//object_689/cond1.samp0.gif
28 72.875237 0.009496
28 [-0.52780056  0.48654133 -0.25402012  0.630581    0.15015173] [-0.5036676   0.6337226  -0.11270476  0.5446675   0.18801478] [ 0.00414558  0.1859364   0.7116382  -0.44463953 -0.51115286]
28 mil_data/data/sim_push/object_505/cond23.samp0.gif mil_data/data/sim_push/object_505/cond1.samp0.gif mil_data/data/sim_push//object_553/cond6.samp0.gif
29 68.357666 0.053801
29 [-0.47620526  0.54354674 -0.15170759  0.6384245   0.21721983] [-0.48429754  0.476109   -0.21066973  0.67379844  0.20097254] [ 0.10653055  0.3078116   0.84410125 -0.2841335  -0.31727695]
29 mil_data/data/sim_push/object_582/cond18.samp0.gif mil_data/data/sim_push/object_582/cond16.samp0.gif mil_data/data/sim_push//object_395/cond20.samp0.gif
30 67.387527 0.000000
30 [-0.41708943  0.57392293 -0.0342031   0.6498285   0.27055854] [-0.45295787  0.41465297 -0.21008654  0.7231938   0.23610649] [ 0.15561575  0.31801435  0.9044552  -0.10268719 -0.2146316 ]
30 mil_data/data/sim_push/object_654/cond20.samp0.gif mil_data/data/sim_push/object_654/cond16.samp0.gif mil_data/data/sim_push//object_2/cond0.samp0.gif
31 67.415955 0.036331
31 [-0.34625512  0.5958822   0.12898578  0.65394396  0.28416875] [-0.38381305  0.5323754   0.00964898  0.7000476   0.28125453] [ 0.17443487  0.31733924  0.9227254   0.05694867 -0.11917625]
31 mil_data/data/sim_push/object_675/cond3.samp0.gif mil_data/data/sim_push/object_675/cond7.samp0.gif mil_data/data/sim_push//object_523/cond7.samp0.gif
32 70.149597 0.037133
32 [-0.30041057 -0.34887078 -0.34131807  0.803721   -0.15992855] [-0.31796616  0.578531    0.03925058  0.68499243  0.3056864 ] [ 0.17024963  0.34050423  0.8889261   0.23678768 -0.09388366]
32 mil_data/data/sim_push/object_692/cond17.samp0.gif mil_data/data/sim_push/object_692/cond15.samp0.gif mil_data/data/sim_push//object_376/cond4.samp0.gif
33 66.720322 0.020632
33 [-0.35662028  0.43153155 -0.18266004  0.76225203  0.26871833] [-0.36636275  0.40547758 -0.22064999  0.7680741   0.25048363] [ 0.13622451  0.45876622  0.7366846   0.47770518 -0.00836614]
33 mil_data/data/sim_push/object_269/cond11.samp0.gif mil_data/data/sim_push/object_269/cond15.samp0.gif mil_data/data/sim_push//object_9/cond23.samp0.gif
34 73.379074 0.003746
34 [-0.35516447  0.42297214 -0.21691778  0.7531231   0.28408656] [-0.3646914   0.38888034 -0.27069232  0.7502877   0.2820749 ] [0.01640924 0.57027423 0.50608057 0.63163686 0.13941108]
34 mil_data/data/sim_push/object_18/cond10.samp0.gif mil_data/data/sim_push/object_18/cond15.samp0.gif mil_data/data/sim_push//object_34/cond12.samp0.gif
35 66.439720 0.000000
35 [-0.3903451   0.2678811  -0.41557765  0.7368669   0.24534234] [-0.3862752   0.28640488 -0.39659283  0.74044126  0.25144506] [0.09493624 0.50014734 0.43325096 0.7308989  0.13755067]
35 mil_data/data/sim_push/object_138/cond12.samp0.gif mil_data/data/sim_push/object_138/cond10.samp0.gif mil_data/data/sim_push//object_684/cond18.samp0.gif
36 68.209541 0.003415
36 [-0.3683768   0.23050988 -0.4419943   0.7318411   0.28321972] [-0.3654013   0.2656492  -0.42774063  0.7224985   0.30157298] [ 0.41054595 -0.02965069  0.28641534  0.86502033  0.0166997 ]
36 mil_data/data/sim_push/object_15/cond20.samp0.gif mil_data/data/sim_push/object_15/cond4.samp0.gif mil_data/data/sim_push//object_584/cond23.samp0.gif
37 67.013092 0.013764
37 [-0.3568276   0.19175906 -0.5071251   0.7088653   0.27610993] [-0.36461815  0.1672027  -0.5207997   0.70643586  0.26232216] [ 0.5708898  -0.7001133  -0.04117713  0.20518371 -0.3743398 ]
37 mil_data/data/sim_push/object_312/cond8.samp0.gif mil_data/data/sim_push/object_312/cond3.samp0.gif mil_data/data/sim_push//object_17/cond12.samp0.gif
38 65.765678 0.035606
38 [-0.30371296  0.21738708 -0.5294342   0.70965534  0.2767487 ] [ 0.24533446 -0.37456062 -0.45609584  0.7646967  -0.08204157] [ 0.56469333 -0.66599184  0.01709893 -0.1998727  -0.44422385]
38 mil_data/data/sim_push/object_323/cond2.samp0.gif mil_data/data/sim_push/object_323/cond23.samp0.gif mil_data/data/sim_push//object_266/cond7.samp0.gif
39 72.125816 0.000000
39 [-0.3445295  -0.00512225 -0.6193594   0.6886932   0.1528683 ] [-0.33279672 -0.08371155 -0.6296406   0.68896955  0.10541548] [ 0.56188744 -0.6426374  -0.08868737 -0.2113333  -0.46773112]
39 mil_data/data/sim_push/object_471/cond0.samp0.gif mil_data/data/sim_push/object_471/cond4.samp0.gif mil_data/data/sim_push//object_564/cond10.samp0.gif
40 67.257812 0.014107
40 [-0.26600912  0.30562901 -0.5742261   0.6660216   0.25001916] [-0.32113937  0.03688712 -0.6386134   0.6763195   0.17399354] [ 0.4462994  -0.6557883  -0.17840481 -0.29158387 -0.50389403]
40 mil_data/data/sim_push/object_394/cond11.samp0.gif mil_data/data/sim_push/object_394/cond10.samp0.gif mil_data/data/sim_push//object_674/cond13.samp0.gif
41 67.329384 0.024733
41 [-0.1420285   0.37009016 -0.5860567   0.67740035  0.2013143 ] [-0.2747426   0.29792273 -0.590681    0.650384    0.25269568] [ 0.46205544 -0.622415   -0.17676002 -0.3718902  -0.47912207]
41 mil_data/data/sim_push/object_689/cond7.samp0.gif mil_data/data/sim_push/object_689/cond15.samp0.gif mil_data/data/sim_push//object_38/cond6.samp0.gif
42 63.511677 0.125996
42 [-0.34637016 -0.14289172 -0.6815564   0.62285274  0.0845278 ] [-0.35927463  0.01992071 -0.66664654  0.6277803   0.17888291] [ 0.4659986  -0.59866565 -0.15031424 -0.4858234  -0.40721747]
42 mil_data/data/sim_push/object_471/cond16.samp0.gif mil_data/data/sim_push/object_471/cond0.samp0.gif mil_data/data/sim_push//object_580/cond13.samp0.gif
43 67.321289 0.015400
43 [-0.34366181  0.23242004 -0.6351433   0.55261743  0.34508613] [-0.28723973  0.38204232 -0.5394485   0.5192515   0.45924953] [ 0.4973183  -0.50578535 -0.06519612 -0.6471956  -0.27155682]
43 mil_data/data/sim_push/object_225/cond6.samp0.gif mil_data/data/sim_push/object_225/cond3.samp0.gif mil_data/data/sim_push//object_746/cond22.samp0.gif
44 64.041435 0.000898
44 [-0.3832202  -0.01520261 -0.66147465  0.5862396   0.2677419 ] [-0.36931616 -0.09550143 -0.6817768   0.5770125   0.23816387] [ 0.4904616  -0.29553664  0.11857884 -0.8094518  -0.05321911]
44 mil_data/data/sim_push/object_30/cond19.samp0.gif mil_data/data/sim_push/object_30/cond10.samp0.gif mil_data/data/sim_push//object_726/cond13.samp0.gif
45 67.531075 0.000000
45 [-0.34587702  0.534057   -0.3517717   0.40229487  0.55638814] [-0.37655753  0.43853384 -0.42228258  0.47076115  0.51570714] [ 0.3649156   0.09266394  0.36826593 -0.81487966  0.24207734]
45 mil_data/data/sim_push/object_326/cond3.samp0.gif mil_data/data/sim_push/object_326/cond11.samp0.gif mil_data/data/sim_push//object_576/cond11.samp0.gif
46 68.901955 0.016644
46 [-0.34716746  0.58055997 -0.23563479  0.3669818   0.5934858 ] [-0.45881444  0.4461535  -0.01424395  0.39577782  0.658478  ] [ 0.18262465  0.3711187   0.4794359  -0.64674455  0.4251846 ]
46 mil_data/data/sim_push/object_37/cond19.samp0.gif mil_data/data/sim_push/object_37/cond20.samp0.gif mil_data/data/sim_push//object_556/cond12.samp0.gif
47 61.739819 0.007023
47 [-0.38653693  0.5427189  -0.17502071  0.4059362   0.6005239 ] [-0.38780457  0.5425549  -0.2815131   0.40572917  0.55801076] [ 0.06485909  0.48262665  0.5131851  -0.5217355   0.47675782]
47 mil_data/data/sim_push/object_343/cond10.samp0.gif mil_data/data/sim_push/object_343/cond19.samp0.gif mil_data/data/sim_push//object_605/cond12.samp0.gif
48 64.370728 0.000000
48 [-0.57866544  0.28603423 -0.02214859  0.3169578   0.69453436] [-0.5850701   0.1538263  -0.22963695  0.5841022   0.49002236] [-0.03289602  0.5647538   0.52048004 -0.39725947  0.50125486]
48 mil_data/data/sim_push/object_490/cond15.samp0.gif mil_data/data/sim_push/object_490/cond13.samp0.gif mil_data/data/sim_push//object_168/cond2.samp0.gif
49 67.048302 0.034325
49 [-0.39592123  0.5865052  -0.18045445  0.39087427  0.56027806] [-0.33181944  0.7036486  -0.02329473  0.25751445  0.57264125] [-0.11479295  0.6192267   0.52624506 -0.2859106   0.4946738 ]
49 mil_data/data/sim_push/object_21/cond3.samp0.gif mil_data/data/sim_push/object_21/cond16.samp0.gif mil_data/data/sim_push//object_129/cond23.samp0.gif
50 65.730652 0.029113
50 [-0.30951166  0.7389052   0.0939643   0.22353141  0.54719836] [-0.39429486  0.65848726  0.00412484  0.34907818  0.537637  ] [-0.18474169  0.6574289   0.50733656 -0.20012929  0.48602024]
50 mil_data/data/sim_push/object_54/cond3.samp0.gif mil_data/data/sim_push/object_54/cond21.samp0.gif mil_data/data/sim_push//object_703/cond4.samp0.gif
51 63.637718 0.000000
51 [-0.34530687  0.7253473   0.02051973  0.26064345  0.5350499 ] [-0.44440827  0.5303967  -0.22775248  0.4671902   0.50104165] [-0.26443562  0.69515747  0.4570428  -0.09701649  0.47804758]
51 mil_data/data/sim_push/object_566/cond23.samp0.gif mil_data/data/sim_push/object_566/cond9.samp0.gif mil_data/data/sim_push//object_275/cond11.samp0.gif
52 65.989151 0.011842
52 [-0.44210032  0.566042   -0.2303104   0.43782523  0.4892954 ] [-0.4281974   0.6059769  -0.1899882   0.40013137  0.50322783] [-0.30253333  0.70386964  0.4372306  -0.05499525  0.46780998]
52 mil_data/data/sim_push/object_331/cond5.samp0.gif mil_data/data/sim_push/object_331/cond21.samp0.gif mil_data/data/sim_push//object_591/cond11.samp0.gif
53 68.318329 0.000000
53 [-0.38197637  0.6984823   0.09570652  0.2837002   0.52590024] [-0.46987942  0.5595569  -0.14952022  0.4332347   0.50602454] [-0.34597188  0.6026086   0.5711464  -0.05188437  0.43389636]
53 mil_data/data/sim_push/object_644/cond7.samp0.gif mil_data/data/sim_push/object_644/cond2.samp0.gif mil_data/data/sim_push//object_238/cond2.samp0.gif
54 66.749649 0.038524
54 [-0.5091905   0.53002894 -0.0474247   0.48064145  0.47595057] [-0.5311446   0.33569425 -0.33757502  0.58170587  0.39096823] [-0.3939412   0.6100785   0.55250096  0.01051032  0.40895823]
54 mil_data/data/sim_push/object_471/cond11.samp0.gif mil_data/data/sim_push/object_471/cond12.samp0.gif mil_data/data/sim_push//object_51/cond12.samp0.gif
55 66.670799 0.000000
55 [-0.4861696   0.5624857  -0.0986347   0.48329908  0.4515996 ] [-0.50438     0.5050903  -0.19869423  0.5121977   0.43434864] [-0.4483752   0.6191519   0.5277508   0.09936125  0.356675  ]
55 mil_data/data/sim_push/object_581/cond5.samp0.gif mil_data/data/sim_push/object_581/cond2.samp0.gif mil_data/data/sim_push//object_376/cond21.samp0.gif
56 64.041512 0.012265
56 [-0.48305565  0.5717848  -0.14584294  0.47486427  0.4392644 ] [-0.45228264  0.661738   -0.02484213  0.40967625  0.43484652] [-0.49522677  0.6243547   0.47949958  0.19448958  0.31174624]
56 mil_data/data/sim_push/object_341/cond5.samp0.gif mil_data/data/sim_push/object_341/cond12.samp0.gif mil_data/data/sim_push//object_475/cond8.samp0.gif
57 70.965240 0.002732
57 [-0.5227824   0.4328804  -0.24125095  0.58289796  0.37595364] [-0.4970064   0.5064696  -0.24831669  0.5123264   0.41513088] [-0.5130149   0.6227602   0.4623022   0.27066547  0.24900246]
57 mil_data/data/sim_push/object_288/cond10.samp0.gif mil_data/data/sim_push/object_288/cond22.samp0.gif mil_data/data/sim_push//object_570/cond0.samp0.gif
58 64.424232 0.000000
58 [-0.44257358  0.63545406 -0.11496624  0.44558197  0.43424213] [-0.48943     0.48382333 -0.2356388   0.56640655  0.38733855] [-0.50389445  0.6155981   0.48833507  0.3204637   0.16112503]
58 mil_data/data/sim_push/object_16/cond23.samp0.gif mil_data/data/sim_push/object_16/cond1.samp0.gif mil_data/data/sim_push//object_103/cond16.samp0.gif
59 66.997475 0.012744
59 [-0.4392132   0.61939055 -0.14887874  0.4666059   0.42844033] [-0.46884835  0.53480035 -0.19301459  0.54476845  0.40017813] [-0.49368483  0.5984763   0.4945125   0.386452    0.06491227]
59 mil_data/data/sim_push/object_246/cond0.samp0.gif mil_data/data/sim_push/object_246/cond22.samp0.gif mil_data/data/sim_push//object_103/cond19.samp0.gif
60 65.922668 0.008548
60 [-0.42826295  0.6227384  -0.18328753  0.48386195  0.40133652] [-0.41856867  0.64849496 -0.1461692   0.46724984  0.4056682 ] [-0.4468446   0.5725635   0.5106656   0.45687494 -0.054653  ]
60 mil_data/data/sim_push/object_651/cond22.samp0.gif mil_data/data/sim_push/object_651/cond4.samp0.gif mil_data/data/sim_push//object_531/cond2.samp0.gif
61 69.350441 0.000000
61 [-0.4421164   0.5301883  -0.24915469  0.5794901   0.35432532] [-0.43447047  0.57327837 -0.20762295  0.55881274  0.3566629 ] [-0.22545393  0.504666    0.7092987   0.2855616  -0.33141032]
61 mil_data/data/sim_push/object_448/cond10.samp0.gif mil_data/data/sim_push/object_448/cond9.samp0.gif mil_data/data/sim_push//object_457/cond0.samp0.gif
62 64.259987 0.000000
62 [-0.4496192   0.5299945  -0.17604521  0.63897127  0.27869722] [-0.45525208  0.50543594 -0.222083    0.6386876   0.2829087 ] [-0.29242128  0.404206    0.5757984   0.48766646 -0.42631555]
62 mil_data/data/sim_push/object_266/cond23.samp0.gif mil_data/data/sim_push/object_266/cond13.samp0.gif mil_data/data/sim_push//object_675/cond21.samp0.gif
63 62.834743 0.000000
63 [-0.44073415  0.48304874 -0.29839513  0.6110804   0.3315999 ] [-0.41023543  0.6184824  -0.21171527  0.53785324  0.3392298 ] [-0.20989588  0.35636777  0.5623128   0.49285835 -0.5194619 ]
63 mil_data/data/sim_push/object_541/cond13.samp0.gif mil_data/data/sim_push/object_541/cond11.samp0.gif mil_data/data/sim_push//object_419/cond13.samp0.gif
64 63.528137 0.040354
64 [-0.41767693  0.5650824   0.00605782  0.7088609   0.06088924] [-0.4149664   0.52402014 -0.2940223   0.6201397   0.28667626] [ 0.03551191  0.3019515   0.6465998   0.27954355 -0.64134884]
64 mil_data/data/sim_push/object_728/cond0.samp0.gif mil_data/data/sim_push/object_728/cond23.samp0.gif mil_data/data/sim_push//object_589/cond10.samp0.gif
65 63.905487 0.000000
65 [-0.4140801  0.4493082 -0.3354611  0.6405305  0.322252 ] [-0.40384898  0.53588325 -0.32024446  0.57284606  0.34500152] [-0.09938744  0.41825372  0.46924075  0.594458   -0.49154747]
65 mil_data/data/sim_push/object_423/cond21.samp0.gif mil_data/data/sim_push/object_423/cond17.samp0.gif mil_data/data/sim_push//object_257/cond20.samp0.gif
66 65.255867 0.039234
66 [-0.36534396  0.5895087  -0.23936237  0.5967616   0.3249378 ] [-0.3914445   0.5285968  -0.30346274  0.6093976   0.32233766] [-0.06229213  0.49037886  0.4057781   0.5795208  -0.50512177]
66 mil_data/data/sim_push/object_710/cond7.samp0.gif mil_data/data/sim_push/object_710/cond23.samp0.gif mil_data/data/sim_push//object_626/cond23.samp0.gif
67 62.242638 0.000000
67 [-0.32399243  0.63308185 -0.2560103   0.55099225  0.35369822] [-0.33288684  0.595007   -0.30448484  0.5609611   0.35744154] [ 0.2569878   0.4716242   0.52883244  0.28460723 -0.59233683]
67 mil_data/data/sim_push/object_453/cond6.samp0.gif mil_data/data/sim_push/object_453/cond12.samp0.gif mil_data/data/sim_push//object_190/cond8.samp0.gif
68 64.283546 0.000000
68 [-0.37422228  0.5152425  -0.37634265  0.5672872   0.36198658] [-0.3739667   0.41389656 -0.4130058   0.62516993  0.35696954] [ 0.20337133  0.53793526  0.3560322   0.5028877  -0.5381549 ]
68 mil_data/data/sim_push/object_562/cond17.samp0.gif mil_data/data/sim_push/object_562/cond12.samp0.gif mil_data/data/sim_push//object_36/cond9.samp0.gif
69 62.010006 0.000000
69 [-0.3190509   0.58989024 -0.32614735  0.5543005   0.36961454] [-0.344122    0.5147393  -0.37885305  0.58409333  0.36322013] [ 0.40367228  0.46555713  0.36427054  0.38994572 -0.5792707 ]
69 mil_data/data/sim_push/object_510/cond6.samp0.gif mil_data/data/sim_push/object_510/cond9.samp0.gif mil_data/data/sim_push//object_15/cond2.samp0.gif
70 64.630219 0.000000
70 [-0.3208281   0.40020707 -0.3884775   0.6475922   0.40818277] [-0.31154618  0.37833607 -0.3722005   0.68613803  0.3879204 ] [ 0.5266081   0.44273734  0.28653812  0.6480602  -0.15678461]
70 mil_data/data/sim_push/object_605/cond1.samp0.gif mil_data/data/sim_push/object_605/cond11.samp0.gif mil_data/data/sim_push//object_382/cond17.samp0.gif
71 65.002922 0.000000
71 [-0.20346162  0.566807   -0.26213467  0.6280853   0.41728595] [-0.25657162  0.5157754  -0.33751428  0.59807825  0.44332072] [ 0.6238128   0.28109202  0.2226977   0.64075035 -0.2677492 ]
71 mil_data/data/sim_push/object_187/cond10.samp0.gif mil_data/data/sim_push/object_187/cond8.samp0.gif mil_data/data/sim_push//object_733/cond17.samp0.gif
72 62.540524 0.000000
72 [-0.09113125  0.59204847 -0.24752454  0.6118202   0.45341086] [-0.19362777  0.57827413 -0.25476056  0.60642415  0.44210207] [ 0.68194515  0.13061114  0.16029146  0.61451596 -0.3384794 ]
72 mil_data/data/sim_push/object_391/cond13.samp0.gif mil_data/data/sim_push/object_391/cond10.samp0.gif mil_data/data/sim_push//object_175/cond4.samp0.gif
73 66.178154 0.000561
73 [-0.31292978  0.24810839 -0.43512028  0.7155464   0.3730695 ] [-0.26946285  0.43755817 -0.37722105  0.59388787  0.49085033] [ 0.4111164  -0.12797171 -0.06864617  0.8894879  -0.13676827]
73 mil_data/data/sim_push/object_573/cond6.samp0.gif mil_data/data/sim_push/object_573/cond1.samp0.gif mil_data/data/sim_push//object_108/cond9.samp0.gif
74 65.563042 0.000000
74 [-0.21630992  0.38979095 -0.29906735  0.75771105  0.37108728] [-0.29285714 -0.27289844 -0.5095912   0.76100814 -0.03073332] [ 0.6730227  -0.24727823  0.02092829  0.62472373 -0.3085062 ]
74 mil_data/data/sim_push/object_558/cond18.samp0.gif mil_data/data/sim_push/object_558/cond12.samp0.gif mil_data/data/sim_push//object_671/cond17.samp0.gif
75 64.217865 0.000000
75 [-0.19779532  0.44932038 -0.39131573  0.59712505  0.49930143] [-0.23517017  0.414072   -0.41844115  0.5990367   0.48918438] [ 0.7701233  -0.22221853  0.02165379  0.5343538  -0.26744398]
75 mil_data/data/sim_push/object_116/cond0.samp0.gif mil_data/data/sim_push/object_116/cond1.samp0.gif mil_data/data/sim_push//object_173/cond13.samp0.gif
76 66.952042 0.051251
76 [-0.23590675  0.40477264 -0.4105475   0.6417089   0.4474008 ] [-0.16545673  0.41910934 -0.39465272  0.6641797   0.44730973] [ 0.91186684 -0.01934776  0.09465817  0.30186662 -0.26084676]
76 mil_data/data/sim_push/object_250/cond14.samp0.gif mil_data/data/sim_push/object_250/cond22.samp0.gif mil_data/data/sim_push//object_677/cond10.samp0.gif
77 61.129234 0.000000
77 [-0.0997436   0.6013     -0.31625268  0.480806    0.54525167] [-0.16917415  0.52282566 -0.399246    0.5043449   0.533172  ] [ 0.935337    0.17065167  0.12120938  0.2802474  -0.05284253]
77 mil_data/data/sim_push/object_646/cond23.samp0.gif mil_data/data/sim_push/object_646/cond7.samp0.gif mil_data/data/sim_push//object_155/cond12.samp0.gif
78 63.224182 0.000000
78 [-0.18005744  0.43507493 -0.4106944   0.5750526   0.52814174] [-0.22447635  0.33842158 -0.4693794   0.61269546  0.4892529 ] [0.74743706 0.4052874  0.05197481 0.43710223 0.28865245]
78 mil_data/data/sim_push/object_268/cond13.samp0.gif mil_data/data/sim_push/object_268/cond20.samp0.gif mil_data/data/sim_push//object_497/cond4.samp0.gif
79 65.299919 0.002127
79 [-0.10776661  0.44001442 -0.45435035  0.49606293  0.58503073] [-0.16796492  0.45200518 -0.40146402  0.5562817   0.5448454 ] [0.6991803  0.48462418 0.05884216 0.3586082  0.37976843]
79 mil_data/data/sim_push/object_268/cond20.samp0.gif mil_data/data/sim_push/object_268/cond7.samp0.gif mil_data/data/sim_push//object_198/cond12.samp0.gif
80 65.668594 0.000000
80 [-0.18342273  0.4863066  -0.39260837  0.5172447   0.5551383 ] [-0.19251637  0.432269   -0.4085434   0.56507176  0.5383932 ] [0.7760698  0.49051625 0.1749954  0.1645016  0.31531787]
80 mil_data/data/sim_push/object_643/cond22.samp0.gif mil_data/data/sim_push/object_643/cond13.samp0.gif mil_data/data/sim_push//object_79/cond12.samp0.gif
81 65.676689 0.000000
81 [-0.17073864  0.48539922 -0.37809572  0.5430558   0.54531646] [-0.26186493  0.33227572 -0.41981858  0.6788937   0.42880693] [ 0.82147455  0.44732556  0.28864136 -0.06330363  0.19431494]
81 mil_data/data/sim_push/object_411/cond16.samp0.gif mil_data/data/sim_push/object_411/cond10.samp0.gif mil_data/data/sim_push//object_722/cond12.samp0.gif
82 60.052055 0.000000
82 [0.41630518 0.7301332  0.13904569 0.04639075 0.5216415 ] [ 0.14520769  0.68360704 -0.11863585  0.44550574  0.5468513 ] [ 0.79945284  0.37165517  0.3939491  -0.24348418  0.09092379]
82 mil_data/data/sim_push/object_127/cond19.samp0.gif mil_data/data/sim_push/object_127/cond4.samp0.gif mil_data/data/sim_push//object_150/cond5.samp0.gif
83 64.644890 0.000000
83 [-0.02406836  0.7131697  -0.28027076  0.31175     0.5613109 ] [-0.20681621  0.4704367  -0.43765697  0.55670804  0.48419926] [ 0.7501819   0.34209803  0.41068256 -0.38498676 -0.0576292 ]
83 mil_data/data/sim_push/object_618/cond13.samp0.gif mil_data/data/sim_push/object_618/cond7.samp0.gif mil_data/data/sim_push//object_314/cond0.samp0.gif
84 63.733818 0.015278
84 [ 0.01738291  0.7722062  -0.17897873  0.24039797  0.5599741 ] [-0.08734535  0.6741967  -0.3052153   0.33605418  0.57596946] [ 0.73329073  0.38853374  0.43166932 -0.35353094  0.00193399]
84 mil_data/data/sim_push/object_382/cond21.samp0.gif mil_data/data/sim_push/object_382/cond8.samp0.gif mil_data/data/sim_push//object_466/cond23.samp0.gif
85 62.094364 0.014736
85 [-0.27856344  0.4973712  -0.42530164  0.49051666  0.50352377] [-0.10492188  0.6693017  -0.3066069   0.33340132  0.5795365 ] [ 0.71656036  0.4346279   0.42492452 -0.34198746  0.01111492]
85 mil_data/data/sim_push/object_748/cond15.samp0.gif mil_data/data/sim_push/object_748/cond6.samp0.gif mil_data/data/sim_push//object_625/cond11.samp0.gif
86 61.987404 0.007823
86 [-0.17005228  0.5595124  -0.3890244   0.42957467  0.5675858 ] [-0.13208236  0.710135   -0.2721744   0.31142357  0.55425537] [ 0.709995    0.3704658   0.4625153  -0.3764181  -0.05523777]
86 mil_data/data/sim_push/object_20/cond12.samp0.gif mil_data/data/sim_push/object_20/cond9.samp0.gif mil_data/data/sim_push//object_411/cond13.samp0.gif
87 65.840874 0.001818
87 [-0.09594015  0.6932093  -0.19091003  0.3274183   0.60548085] [-0.33555484  0.40412915 -0.42421848  0.53312826  0.5097996 ] [ 0.7175098   0.42425987  0.5022254  -0.18634325  0.13501517]
87 mil_data/data/sim_push/object_259/cond5.samp0.gif mil_data/data/sim_push/object_259/cond19.samp0.gif mil_data/data/sim_push//object_138/cond12.samp0.gif
88 63.891148 0.000000
88 [-0.3484389   0.4323485  -0.36821747  0.538       0.51636904] [-0.32777098  0.42268696 -0.29250506  0.6141678   0.5011393 ] [0.42360303 0.6400535  0.42619616 0.17386648 0.4461158 ]
88 mil_data/data/sim_push/object_545/cond16.samp0.gif mil_data/data/sim_push/object_545/cond2.samp0.gif mil_data/data/sim_push//object_652/cond6.samp0.gif
89 63.676643 0.000000
89 [-0.40803686  0.37554285 -0.42721316  0.515847    0.49382612] [-0.3705358   0.46089283 -0.45340082  0.3741158   0.5520382 ] [ 0.33540636  0.57005966  0.6921879  -0.12040362  0.26251364]
89 mil_data/data/sim_push/object_171/cond17.samp0.gif mil_data/data/sim_push/object_171/cond7.samp0.gif mil_data/data/sim_push//object_470/cond7.samp0.gif
90 66.754868 0.000000
90 [-0.54718053 -0.00700737 -0.48697641  0.64061046  0.23025307] [-0.5278881   0.06548163 -0.47948703  0.6441198   0.26879016] [-0.9101921  -0.13297811  0.38888782 -0.00321455 -0.05121467]
90 mil_data/data/sim_push/object_376/cond0.samp0.gif mil_data/data/sim_push/object_376/cond4.samp0.gif mil_data/data/sim_push//object_299/cond16.samp0.gif
91 60.524010 0.000164
91 [-0.4578379   0.5648303  -0.38198814  0.24148439  0.51683795] [-0.50750935  0.47044638 -0.41032234  0.39028636  0.44769037] [-0.81791806 -0.21501762 -0.11784243 -0.25746962 -0.45232737]
91 mil_data/data/sim_push/object_512/cond19.samp0.gif mil_data/data/sim_push/object_512/cond1.samp0.gif mil_data/data/sim_push//object_384/cond12.samp0.gif
92 65.285156 0.018098
92 [-0.55085546  0.4059074  -0.4728072   0.3391147   0.4396045 ] [-0.5293506   0.5590613  -0.34181705  0.28096607  0.45984524] [-0.886425   -0.09417351 -0.10046916 -0.25624683 -0.36003554]
92 mil_data/data/sim_push/object_281/cond17.samp0.gif mil_data/data/sim_push/object_281/cond12.samp0.gif mil_data/data/sim_push//object_673/cond21.samp0.gif
93 62.467346 0.024775
93 [-0.57315564  0.45568708 -0.4144291   0.32005608  0.4354934 ] [-0.59352696  0.40443403 -0.4406632   0.31049317  0.43996453] [-0.95125234  0.07840545 -0.04483302 -0.198073   -0.21846916]
93 mil_data/data/sim_push/object_58/cond22.samp0.gif mil_data/data/sim_push/object_58/cond18.samp0.gif mil_data/data/sim_push//object_559/cond13.samp0.gif
94 64.176735 0.005911
94 [-0.6177258   0.2861286  -0.44535795  0.47553185  0.33477032] [-0.63540655  0.22058737 -0.48703116  0.430507    0.35364395] [-0.89182305  0.18198903  0.12622695 -0.2648987  -0.2922792 ]
94 mil_data/data/sim_push/object_663/cond15.samp0.gif mil_data/data/sim_push/object_663/cond2.samp0.gif mil_data/data/sim_push//object_522/cond12.samp0.gif
95 62.166653 0.011483
95 [-0.6199601   0.43873867 -0.346545    0.3811603   0.39721677] [-0.62454015  0.491038   -0.27419856  0.38003835  0.38628644] [-0.7962704   0.24459077  0.38403925 -0.24187286 -0.31644946]
95 mil_data/data/sim_push/object_135/cond8.samp0.gif mil_data/data/sim_push/object_135/cond11.samp0.gif mil_data/data/sim_push//object_174/cond22.samp0.gif
96 58.951004 0.000000
96 [-0.6543876   0.47500345 -0.2677577   0.3773374   0.36341572] [-0.61874676  0.5474017  -0.21482277  0.36159346  0.37497354] [-0.58630216  0.21708658  0.53966576 -0.3755308  -0.42054805]
96 mil_data/data/sim_push/object_103/cond23.samp0.gif mil_data/data/sim_push/object_103/cond6.samp0.gif mil_data/data/sim_push//object_746/cond21.samp0.gif
97 58.457417 0.024681
97 [-0.6638001   0.36114556 -0.3291993   0.4899649   0.28373495] [-0.6470518   0.48740432 -0.2534039   0.402344    0.343026  ] [-0.48681524  0.23659317  0.5844715  -0.4071006  -0.44687438]
97 mil_data/data/sim_push/object_3/cond11.samp0.gif mil_data/data/sim_push/object_3/cond23.samp0.gif mil_data/data/sim_push//object_695/cond13.samp0.gif
98 63.285446 0.000000
98 [-0.60147387  0.483315   -0.34111145  0.38533905  0.3738886 ] [-0.5875807   0.7167879   0.05254306  0.18206596  0.3241224 ] [-0.37458646  0.25124305  0.6343315  -0.43749717 -0.45031285]
98 mil_data/data/sim_push/object_701/cond18.samp0.gif mil_data/data/sim_push/object_701/cond2.samp0.gif mil_data/data/sim_push//object_681/cond20.samp0.gif
99 63.496326 0.000000
99 [-0.6191902   0.5173699  -0.2337839   0.42885068  0.33221084] [-0.64278024  0.4867303  -0.20267372  0.46062297  0.31092936] [-0.27640864  0.25897583  0.66689783 -0.46076408 -0.44662452]
99 mil_data/data/sim_push/object_269/cond18.samp0.gif mil_data/data/sim_push/object_269/cond13.samp0.gif mil_data/data/sim_push//object_138/cond8.samp0.gif
100 64.009026 0.013937
100 [-0.67567784  0.35231218 -0.3869814   0.44615352  0.2655711 ] [-0.564114    0.7312693  -0.08891754  0.18769039  0.32231444] [-0.15017347  0.26987022  0.6480249  -0.5372603  -0.44275627]
100 mil_data/data/sim_push/object_291/cond20.samp0.gif mil_data/data/sim_push/object_291/cond23.samp0.gif mil_data/data/sim_push//object_213/cond22.samp0.gif
101 60.514526 0.000000
101 [-0.65126175  0.53723645 -0.22639287  0.3867108   0.2940004 ] [-0.5997432   0.60119724 -0.24992973  0.29976824  0.35573044] [-0.09895489  0.24875814  0.6665412  -0.53266346 -0.44757086]
101 mil_data/data/sim_push/object_725/cond0.samp0.gif mil_data/data/sim_push/object_725/cond22.samp0.gif mil_data/data/sim_push//object_289/cond17.samp0.gif
102 59.221405 0.000000
102 [-0.5940716   0.69753176 -0.07288352  0.2861601   0.270793  ] [-0.5998809   0.6119722  -0.20559609  0.28186148  0.37936443] [-0.03247689  0.20211312  0.66971564 -0.54121006 -0.4654762 ]
102 mil_data/data/sim_push/object_453/cond17.samp0.gif mil_data/data/sim_push/object_453/cond21.samp0.gif mil_data/data/sim_push//object_661/cond15.samp0.gif
103 62.390823 0.000000
103 [-0.5487509   0.6779644  -0.11723082  0.30380127  0.3649636 ] [-0.6244636   0.5880549  -0.08898268  0.4196224   0.2832593 ] [-0.00141259  0.17281789  0.68411314 -0.5267187  -0.47401327]
103 mil_data/data/sim_push/object_285/cond16.samp0.gif mil_data/data/sim_push/object_285/cond1.samp0.gif mil_data/data/sim_push//object_423/cond21.samp0.gif
104 65.371826 0.000000
104 [-0.5941406   0.4872914  -0.15082437  0.5070264   0.3601671 ] [-0.5442166   0.3533543  -0.35344326  0.538944    0.404458  ] [-0.07722849  0.11164948  0.75864226 -0.42096528 -0.47835162]
104 mil_data/data/sim_push/object_465/cond4.samp0.gif mil_data/data/sim_push/object_465/cond11.samp0.gif mil_data/data/sim_push//object_110/cond18.samp0.gif
105 61.247822 0.016537
105 [-0.5509326   0.56421226 -0.15054485  0.43654317  0.40608388] [-0.54812944  0.44348347 -0.25152048  0.535904    0.39041117] [-0.05027807  0.07480407  0.75808346 -0.41301155 -0.49659574]
105 mil_data/data/sim_push/object_312/cond13.samp0.gif mil_data/data/sim_push/object_312/cond2.samp0.gif mil_data/data/sim_push//object_535/cond0.samp0.gif
106 60.332653 0.026864
106 [-0.525719    0.17083651 -0.41401264  0.62115335  0.37040025] [-0.5304014   0.37286612 -0.2984342   0.5861319   0.38344714] [-0.0203289   0.04830954  0.7598891  -0.40863028 -0.5028348 ]
106 mil_data/data/sim_push/object_322/cond12.samp0.gif mil_data/data/sim_push/object_322/cond10.samp0.gif mil_data/data/sim_push//object_639/cond3.samp0.gif
107 61.549961 0.000000
107 [-0.52853566  0.24889757 -0.36301732  0.59882915  0.4102708 ] [-0.5100779   0.28285393 -0.35750082  0.62738574  0.37201428] [-0.03489266  0.0820565   0.77385974 -0.38551313 -0.4945401 ]
107 mil_data/data/sim_push/object_116/cond19.samp0.gif mil_data/data/sim_push/object_116/cond5.samp0.gif mil_data/data/sim_push//object_634/cond13.samp0.gif
108 66.521072 0.000000
108 [-0.50152725  0.44075987 -0.216944    0.56251925  0.4367019 ] [-0.46020105  0.32641622 -0.43463334  0.5245305   0.46650726] [-0.05482152  0.14177868  0.8003484  -0.35859865 -0.45578817]
108 mil_data/data/sim_push/object_390/cond4.samp0.gif mil_data/data/sim_push/object_390/cond21.samp0.gif mil_data/data/sim_push//object_508/cond17.samp0.gif
109 64.131920 0.000000
109 [-0.42353946  0.5901908  -0.17861846  0.45694113  0.48123732] [-0.46253726  0.37193507 -0.34371504  0.5767228   0.4438178 ] [-0.00158134  0.27998364  0.79143655 -0.36547917 -0.40206945]
109 mil_data/data/sim_push/object_632/cond2.samp0.gif mil_data/data/sim_push/object_632/cond17.samp0.gif mil_data/data/sim_push//object_50/cond8.samp0.gif
110 63.438129 0.000000
110 [-0.40026975  0.4966757  -0.35422772  0.44566795  0.5186523 ] [-0.44667637  0.31125367 -0.38506222  0.57411134  0.47510487] [-0.00615388  0.32968274  0.81853175 -0.32522684 -0.33985972]
110 mil_data/data/sim_push/object_253/cond2.samp0.gif mil_data/data/sim_push/object_253/cond15.samp0.gif mil_data/data/sim_push//object_532/cond7.samp0.gif
111 62.605896 0.000000
111 [-0.4565481   0.42820802 -0.10887765  0.5521151   0.53992265] [-0.45894042  0.31859347 -0.30292735  0.5804817   0.5090656 ] [-0.01288169  0.40495506  0.83831066 -0.2677723  -0.24774732]
111 mil_data/data/sim_push/object_347/cond15.samp0.gif mil_data/data/sim_push/object_347/cond22.samp0.gif mil_data/data/sim_push//object_454/cond7.samp0.gif
112 60.770725 0.000000
112 [-0.3487342   0.5456276  -0.17411609  0.4964221   0.5512927 ] [-0.3660126   0.4910667  -0.26032922  0.5098301   0.54515153] [4.72665473e-04 5.56895375e-01 8.22042942e-01 5.42722736e-03
 1.18672796e-01]
112 mil_data/data/sim_push/object_367/cond17.samp0.gif mil_data/data/sim_push/object_367/cond1.samp0.gif mil_data/data/sim_push//object_170/cond12.samp0.gif
113 63.142990 0.000205
113 [-0.3884658   0.27714548 -0.41407144  0.58620834  0.50713825] [-0.39079133  0.34837216 -0.35337555  0.60947275  0.47915304] [-0.0564754   0.7847512   0.5262049   0.18176343  0.2665455 ]
113 mil_data/data/sim_push/object_647/cond10.samp0.gif mil_data/data/sim_push/object_647/cond19.samp0.gif mil_data/data/sim_push//object_256/cond6.samp0.gif
114 64.759827 0.000000
114 [-0.34209773  0.481761   -0.23030594  0.5042094   0.5861803 ] [-0.3965595   0.37107244 -0.2608135   0.62259483  0.49939737] [0.04961449 0.60029715 0.7695455  0.06375511 0.20227922]
114 mil_data/data/sim_push/object_470/cond5.samp0.gif mil_data/data/sim_push/object_470/cond23.samp0.gif mil_data/data/sim_push//object_22/cond1.samp0.gif
115 64.474144 0.000000
115 [-0.40970644  0.3309674  -0.38124824  0.5819658   0.48843294] [-0.42815393  0.27786997 -0.38553435  0.63305026  0.4359853 ] [ 0.13573043  0.4438934   0.84481037 -0.21399717 -0.15822941]
115 mil_data/data/sim_push/object_23/cond18.samp0.gif mil_data/data/sim_push/object_23/cond19.samp0.gif mil_data/data/sim_push//object_709/cond8.samp0.gif
116 63.054699 0.000000
116 [-0.42787752  0.24700066 -0.39111263  0.6471044   0.4291834 ] [-0.40693566  0.3896886  -0.3357606   0.56392175  0.50179994] [ 0.22549558  0.32161924  0.8486704  -0.26331943 -0.23692654]
116 mil_data/data/sim_push/object_248/cond9.samp0.gif mil_data/data/sim_push/object_248/cond10.samp0.gif mil_data/data/sim_push//object_401/cond13.samp0.gif
117 66.938499 0.000000
117 [-0.33107558  0.49112806 -0.3435323   0.4311063   0.58763516] [-0.36712605  0.4456701  -0.33070186  0.5125382   0.54271317] [ 0.3223122   0.20529267  0.81212956 -0.3653142  -0.24690267]
117 mil_data/data/sim_push/object_530/cond9.samp0.gif mil_data/data/sim_push/object_530/cond6.samp0.gif mil_data/data/sim_push//object_162/cond0.samp0.gif
118 64.921417 0.000000
118 [-0.31973943  0.32379055 -0.3973009   0.53217965  0.5931806 ] [-0.3380936   0.27304494 -0.43987283  0.53173745  0.57871103] [ 0.39890355  0.24633774  0.87070173 -0.14853615  0.00304112]
118 mil_data/data/sim_push/object_207/cond2.samp0.gif mil_data/data/sim_push/object_207/cond12.samp0.gif mil_data/data/sim_push//object_171/cond14.samp0.gif
119 59.007538 0.000000
119 [-0.33036125  0.32653153 -0.39784396  0.51207453  0.60310733] [-0.29154593  0.4911314  -0.20396298  0.51596224  0.60495704] [0.23765568 0.22669527 0.91679    0.19985849 0.1080821 ]
119 mil_data/data/sim_push/object_259/cond6.samp0.gif mil_data/data/sim_push/object_259/cond21.samp0.gif mil_data/data/sim_push//object_543/cond12.samp0.gif
120 62.398651 0.000000
120 [-0.30999985  0.42752784 -0.26726085  0.52876675  0.6083563 ] [-0.34248716  0.3377246  -0.28342235  0.6284718   0.54160833] [0.16599119 0.23402916 0.8599971  0.37630942 0.19098069]
120 mil_data/data/sim_push/object_201/cond12.samp0.gif mil_data/data/sim_push/object_201/cond5.samp0.gif mil_data/data/sim_push//object_458/cond0.samp0.gif
121 62.953075 0.000000
121 [-0.38369066  0.28671598 -0.27257887  0.6777915   0.48669803] [-0.29187703  0.39167893 -0.30075902  0.53748506  0.6181012 ] [0.15984224 0.1431473  0.8406362  0.46662688 0.17189951]
121 mil_data/data/sim_push/object_190/cond19.samp0.gif mil_data/data/sim_push/object_190/cond4.samp0.gif mil_data/data/sim_push//object_267/cond16.samp0.gif
122 63.741688 0.000000
122 [-0.39903328  0.12402539 -0.40026346  0.67028993  0.4646405 ] [-0.3781894   0.2497564  -0.26545948  0.67903066  0.5128773 ] [0.1509294  0.10450655 0.81134    0.5249425  0.18017048]
122 mil_data/data/sim_push/object_720/cond4.samp0.gif mil_data/data/sim_push/object_720/cond17.samp0.gif mil_data/data/sim_push//object_468/cond18.samp0.gif
123 61.586338 0.000000
123 [-0.41537133  0.25919554 -0.40688574  0.61092067  0.47064227] [-0.38770995  0.23946989 -0.4164695   0.59101045  0.51922536] [ 0.16646223 -0.05767757  0.9096651   0.27325928 -0.25846195]
123 mil_data/data/sim_push/object_165/cond4.samp0.gif mil_data/data/sim_push/object_165/cond22.samp0.gif mil_data/data/sim_push//object_718/cond7.samp0.gif
124 62.534737 0.000000
124 [-0.38408577  0.32586256 -0.34552285  0.5790494   0.5400068 ] [-0.385282    0.11488489 -0.49016428  0.56514996  0.52792406] [-0.32142636  0.02660227  0.539377    0.7764097   0.04730735]
124 mil_data/data/sim_push/object_126/cond22.samp0.gif mil_data/data/sim_push/object_126/cond13.samp0.gif mil_data/data/sim_push//object_93/cond7.samp0.gif
125 68.597069 0.000000
125 [-0.37207612  0.36958703 -0.39140317  0.5323451   0.53700745] [-0.361411    0.29527363 -0.49685094  0.4792916   0.55282396] [ 0.32871437  0.02190063  0.8986665   0.07576483 -0.27950928]
125 mil_data/data/sim_push/object_369/cond21.samp0.gif mil_data/data/sim_push/object_369/cond3.samp0.gif mil_data/data/sim_push//object_665/cond23.samp0.gif
126 66.300804 0.000000
126 [-0.41090387  0.2567799  -0.36000466  0.6518512   0.45903027] [-0.4238963   0.22840929 -0.39973193  0.6480869   0.43398026] [ 0.48831567  0.04827331  0.78091735 -0.23028436 -0.3104106 ]
126 mil_data/data/sim_push/object_669/cond2.samp0.gif mil_data/data/sim_push/object_669/cond7.samp0.gif mil_data/data/sim_push//object_681/cond10.samp0.gif
127 63.608955 0.000000
127 [-0.2914424   0.48858073 -0.271753    0.5157868   0.5800556 ] [-0.32649598  0.2890941  -0.4661156   0.49374107  0.59057695] [ 0.516093   -0.01655057  0.7097214  -0.31876048 -0.35785666]
127 mil_data/data/sim_push/object_10/cond4.samp0.gif mil_data/data/sim_push/object_10/cond1.samp0.gif mil_data/data/sim_push//object_396/cond17.samp0.gif
128 64.086395 0.000000
128 [-0.22152527  0.15131168 -0.49679866  0.45237273  0.69034874] [-0.12927565  0.38831827 -0.14839233  0.5570826   0.7072026 ] [ 0.58174837  0.09078176  0.7880343  -0.14667578 -0.10399756]
128 mil_data/data/sim_push/object_356/cond20.samp0.gif mil_data/data/sim_push/object_356/cond9.samp0.gif mil_data/data/sim_push//object_133/cond23.samp0.gif
129 62.990822 0.000000
129 [-0.3151827   0.28368297 -0.38430846  0.5459327   0.6119218 ] [-0.32744715  0.32242316 -0.3009959   0.6176626   0.5627753 ] [ 0.5747698   0.03531443  0.7902705  -0.14608085 -0.15008494]
129 mil_data/data/sim_push/object_385/cond16.samp0.gif mil_data/data/sim_push/object_385/cond0.samp0.gif mil_data/data/sim_push//object_214/cond3.samp0.gif
130 61.432579 0.000000
130 [-0.2634639   0.28926    -0.37849152  0.52305776  0.6557973 ] [-0.30205634  0.3705018  -0.23372386  0.6322081   0.5631842 ] [ 0.5631288   0.02557158  0.8029716  -0.0889825  -0.17190365]
130 mil_data/data/sim_push/object_726/cond21.samp0.gif mil_data/data/sim_push/object_726/cond14.samp0.gif mil_data/data/sim_push//object_311/cond1.samp0.gif
131 59.733246 0.000000
131 [-0.3891131   0.29189453 -0.3754441   0.64143914  0.45933214] [-0.30604917  0.2786514  -0.29071492  0.75758755  0.41259313] [ 0.5132439  -0.00501943  0.66013634 -0.25770372 -0.48411176]
131 mil_data/data/sim_push/object_6/cond19.samp0.gif mil_data/data/sim_push/object_6/cond1.samp0.gif mil_data/data/sim_push//object_54/cond17.samp0.gif
132 64.229568 0.000000
132 [-0.38122427  0.44349796 -0.2546177   0.65772766  0.40067664] [-0.4116057   0.29584876 -0.31918284  0.6929718   0.4012064 ] [ 0.49686545  0.05715476  0.6641016  -0.14250496 -0.53714   ]
132 mil_data/data/sim_push/object_576/cond1.samp0.gif mil_data/data/sim_push/object_576/cond22.samp0.gif mil_data/data/sim_push//object_359/cond10.samp0.gif
133 62.929710 0.000000
133 [-0.32928205  0.34284475 -0.47876343  0.5601777   0.4806426 ] [-0.36720163  0.21785909 -0.4626123   0.649059    0.42709792] [ 0.40519673  0.20543055  0.6385105   0.02539148 -0.620704  ]
133 mil_data/data/sim_push/object_679/cond20.samp0.gif mil_data/data/sim_push/object_679/cond14.samp0.gif mil_data/data/sim_push//object_362/cond12.samp0.gif
134 60.800686 0.000000
134 [-0.3920732   0.24004793 -0.41109365  0.64516073  0.45102686] [-0.38611796  0.36502334 -0.37673005  0.6086874   0.45303965] [ 0.4105782   0.28133306  0.7051286  -0.06810716 -0.5004322 ]
134 mil_data/data/sim_push/object_734/cond11.samp0.gif mil_data/data/sim_push/object_734/cond22.samp0.gif mil_data/data/sim_push//object_76/cond16.samp0.gif
135 65.947609 0.000000
135 [-0.35337707  0.35712025 -0.37335894  0.5846765   0.5160875 ] [-0.3455616   0.37162468 -0.39021823  0.57600766  0.5083573 ] [ 0.45124006  0.4740196   0.7256338   0.17149933 -0.12542464]
135 mil_data/data/sim_push/object_574/cond17.samp0.gif mil_data/data/sim_push/object_574/cond11.samp0.gif mil_data/data/sim_push//object_436/cond10.samp0.gif
136 62.172180 0.000000
136 [-0.33397272  0.27198392 -0.3573742   0.6457661   0.51938117] [-0.35009554  0.29836717 -0.37913027  0.6165081   0.51438123] [ 0.49246913  0.4151563   0.7549873   0.11125356 -0.0523086 ]
136 mil_data/data/sim_push/object_56/cond20.samp0.gif mil_data/data/sim_push/object_56/cond22.samp0.gif mil_data/data/sim_push//object_195/cond23.samp0.gif
137 64.130272 0.000000
137 [-0.35519052  0.29702124 -0.38860637  0.64182     0.47187945] [-0.4147948   0.17857559 -0.4062452   0.6973435   0.3804377 ] [ 0.512079    0.22965427  0.73579204 -0.15151763 -0.34739965]
137 mil_data/data/sim_push/object_36/cond19.samp0.gif mil_data/data/sim_push/object_36/cond5.samp0.gif mil_data/data/sim_push//object_624/cond6.samp0.gif
138 62.204838 0.000000
138 [-0.35070795  0.16052201 -0.46719575  0.6352859   0.4789328 ] [-0.37980935  0.14121212 -0.41479042  0.69008386  0.43305555] [ 0.5211513   0.19888128  0.7246493  -0.20147583 -0.35091078]
138 mil_data/data/sim_push/object_109/cond23.samp0.gif mil_data/data/sim_push/object_109/cond17.samp0.gif mil_data/data/sim_push//object_222/cond9.samp0.gif
139 59.033329 0.000000
139 [-0.2702432   0.38406357 -0.43116188  0.517703    0.5705671 ] [-0.2778289   0.3982525  -0.45250672  0.48090833  0.572862  ] [ 0.5672414   0.04288038  0.72142637 -0.23377885 -0.31826085]
139 mil_data/data/sim_push/object_7/cond7.samp0.gif mil_data/data/sim_push/object_7/cond6.samp0.gif mil_data/data/sim_push//object_381/cond9.samp0.gif
140 62.806961 0.000000
140 [-0.36364308  0.21709575 -0.41049513  0.6753205   0.44279692] [-0.3471668   0.34181738 -0.45250824  0.5501304   0.5052019 ] [ 0.52066743  0.22219758  0.73007166 -0.18083046 -0.33738607]
140 mil_data/data/sim_push/object_248/cond4.samp0.gif mil_data/data/sim_push/object_248/cond17.samp0.gif mil_data/data/sim_push//object_458/cond4.samp0.gif
141 63.348621 0.000000
141 [-0.39131096  0.2982249  -0.27354077  0.71008056  0.42296427] [-0.35298705  0.28217626 -0.46021572  0.55236     0.5280877 ] [ 0.4866416   0.23343231  0.7844306  -0.05485908 -0.30057997]
141 mil_data/data/sim_push/object_52/cond20.samp0.gif mil_data/data/sim_push/object_52/cond11.samp0.gif mil_data/data/sim_push//object_648/cond0.samp0.gif
142 61.072529 0.000000
142 [-0.37471306  0.26793826 -0.33592397  0.6761478   0.4666673 ] [-0.37457588  0.41205773 -0.26155502  0.6214279   0.48509562] [ 0.49053106  0.21697049  0.78566176 -0.03916159 -0.3057859 ]
142 mil_data/data/sim_push/object_582/cond15.samp0.gif mil_data/data/sim_push/object_582/cond6.samp0.gif mil_data/data/sim_push//object_106/cond6.samp0.gif
143 60.704220 0.000000
143 [-0.25224307  0.09915531 -0.44358608  0.5376047   0.6638932 ] [-0.35846803  0.44690523 -0.22196485  0.64459574  0.45497727] [ 0.5285457   0.10774693  0.7992824  -0.01732026 -0.26434407]
143 mil_data/data/sim_push/object_706/cond22.samp0.gif mil_data/data/sim_push/object_706/cond16.samp0.gif mil_data/data/sim_push//object_717/cond11.samp0.gif
144 63.078022 0.000000
144 [-0.03388521 -0.81402713 -0.15990669  0.44230938 -0.3391221 ] [-0.2524819   0.45253778 -0.36660153  0.50543976  0.5844626 ] [ 0.5494274   0.02450281  0.7843143  -0.01225811 -0.286758  ]
144 mil_data/data/sim_push/object_120/cond18.samp0.gif mil_data/data/sim_push/object_120/cond4.samp0.gif mil_data/data/sim_push//object_327/cond20.samp0.gif
145 58.633743 0.000000
145 [-0.3820866   0.22977714 -0.3410574   0.71757436  0.4122853 ] [-0.41154286  0.29214105 -0.3139979   0.72774094  0.3421762 ] [ 0.5736198   0.041646    0.74243355 -0.08149729 -0.33373123]
145 mil_data/data/sim_push/object_130/cond12.samp0.gif mil_data/data/sim_push/object_130/cond0.samp0.gif mil_data/data/sim_push//object_374/cond0.samp0.gif
146 60.737629 0.000000
146 [-0.29898837  0.02225058 -0.5514945   0.6086395   0.48530686] [-0.22149159  0.1116321  -0.52148855  0.66581154  0.4724664 ] [ 0.5295297   0.16631582  0.73631173 -0.04392563 -0.38451657]
146 mil_data/data/sim_push/object_663/cond10.samp0.gif mil_data/data/sim_push/object_663/cond6.samp0.gif mil_data/data/sim_push//object_264/cond3.samp0.gif
147 64.574196 0.000000
147 [-0.30919996  0.37666938 -0.41601142  0.57759464  0.5058008 ] [-0.34040314  0.29002136 -0.47139975  0.57480264  0.49739072] [ 0.51047105  0.4981785   0.60083145  0.11874402 -0.34079158]
147 mil_data/data/sim_push/object_450/cond0.samp0.gif mil_data/data/sim_push/object_450/cond5.samp0.gif mil_data/data/sim_push//object_92/cond3.samp0.gif
148 63.479126 0.000000
148 [-0.33917698  0.52563894 -0.1745096   0.64525384  0.4023141 ] [-0.35557383  0.3870825  -0.32669097  0.6280248   0.4717968 ] [ 0.5042605   0.18648396  0.74762356 -0.02558912 -0.38903618]
148 mil_data/data/sim_push/object_417/cond5.samp0.gif mil_data/data/sim_push/object_417/cond14.samp0.gif mil_data/data/sim_push//object_356/cond18.samp0.gif
149 64.891953 0.000000
149 [-0.39552158  0.30945942 -0.217524    0.7761193   0.31324062] [-0.37667215 -0.00094767 -0.37800628  0.7727144   0.34371653] [ 0.55522496  0.06435817  0.75149786 -0.07526332 -0.34230068]
149 mil_data/data/sim_push/object_461/cond23.samp0.gif mil_data/data/sim_push/object_461/cond4.samp0.gif mil_data/data/sim_push//object_522/cond1.samp0.gif
150 66.596375 0.000000
150 [-0.36130485  0.2316659  -0.34067217  0.6744531   0.49481848] [-0.3537642   0.1867077  -0.35245243  0.72681975  0.43301445] [ 0.5529466   0.02599057  0.7269844  -0.09790072 -0.39431417]
150 mil_data/data/sim_push/object_248/cond1.samp0.gif mil_data/data/sim_push/object_248/cond9.samp0.gif mil_data/data/sim_push//object_80/cond21.samp0.gif
151 60.601044 0.000000
151 [-0.32851025  0.17823084 -0.4085377   0.6455305   0.52602476] [-0.3382782   0.2683462  -0.29940727  0.72464603  0.44587168] [ 0.56039107  0.00549619  0.7100447  -0.14686114 -0.40025002]
151 mil_data/data/sim_push/object_691/cond3.samp0.gif mil_data/data/sim_push/object_691/cond15.samp0.gif mil_data/data/sim_push//object_714/cond3.samp0.gif
152 63.829041 0.000000
152 [-0.28821942  0.07751006 -0.22675581  0.81889594  0.43464124] [0.11273063 0.35945678 0.3649299  0.8032905  0.2821937 ] [ 0.5587205   0.00458238  0.7029348  -0.17111377 -0.4054789 ]
152 mil_data/data/sim_push/object_673/cond12.samp0.gif mil_data/data/sim_push/object_673/cond1.samp0.gif mil_data/data/sim_push//object_162/cond11.samp0.gif
153 59.325512 0.000000
153 [-0.2957008   0.25944063 -0.3359326   0.68195224  0.5170512 ] [-0.28931862  0.05899684 -0.4871078   0.6731809   0.47155872] [ 0.55793077 -0.02813705  0.6901374  -0.18288863 -0.42211816]
153 mil_data/data/sim_push/object_552/cond17.samp0.gif mil_data/data/sim_push/object_552/cond6.samp0.gif mil_data/data/sim_push//object_430/cond21.samp0.gif
154 59.391533 0.000000
154 [-0.32536533  0.23023309 -0.4059445   0.6112596   0.55018264] [-0.33868632  0.40440792 -0.30274847  0.6283022   0.48510358] [ 0.55080146  0.00219509  0.70071924 -0.16874674 -0.4208682 ]
154 mil_data/data/sim_push/object_486/cond23.samp0.gif mil_data/data/sim_push/object_486/cond9.samp0.gif mil_data/data/sim_push//object_289/cond12.samp0.gif
155 63.961502 0.000000
155 [-0.25331834  0.2724247  -0.34642148  0.63111955  0.58591384] [-0.25431776  0.35730764 -0.32026145  0.6349827   0.54943913] [ 0.5578514   0.01217105  0.71020967 -0.17707622 -0.39102414]
155 mil_data/data/sim_push/object_639/cond16.samp0.gif mil_data/data/sim_push/object_639/cond21.samp0.gif mil_data/data/sim_push//object_386/cond8.samp0.gif
156 63.122101 0.000000
156 [-0.2741747   0.26173553 -0.3256772   0.718454    0.48381916] [-0.264765    0.4558942  -0.23595983  0.6282172   0.52127355] [ 0.54067606  0.06626172  0.72621804 -0.1580386  -0.38847136]
156 mil_data/data/sim_push/object_551/cond9.samp0.gif mil_data/data/sim_push/object_551/cond5.samp0.gif mil_data/data/sim_push//object_28/cond23.samp0.gif
157 63.193047 0.000000
157 [-0.35066995  0.28831095 -0.3460475   0.67768043  0.46358138] [-0.21778786  0.5095762  -0.11015517  0.5963187   0.57023716] [ 0.5558737   0.18522999  0.78226507 -0.00966307 -0.2113347 ]
157 mil_data/data/sim_push/object_91/cond3.samp0.gif mil_data/data/sim_push/object_91/cond17.samp0.gif mil_data/data/sim_push//object_572/cond1.samp0.gif
158 62.669888 0.000000
158 [-0.320646    0.25823873 -0.3085956   0.73080385  0.44854584] [-0.3503509   0.29299027 -0.33055428  0.6808155   0.46758434] [ 0.55152917  0.1873805   0.7833295   0.00148305 -0.21701832]
158 mil_data/data/sim_push/object_97/cond6.samp0.gif mil_data/data/sim_push/object_97/cond16.samp0.gif mil_data/data/sim_push//object_190/cond2.samp0.gif
159 58.059662 0.000000
159 [ 0.45081463 -0.4612274   0.50834763  0.5607997  -0.1054601 ] [-0.1318232  -0.04948399 -0.18140611  0.88372564  0.40779266] [ 0.5608431   0.1449399   0.77999216 -0.02375062 -0.23557492]
159 mil_data/data/sim_push/object_731/cond8.samp0.gif mil_data/data/sim_push/object_731/cond12.samp0.gif mil_data/data/sim_push//object_539/cond18.samp0.gif
160 63.535412 0.000000
160 [-0.3632395   0.16435255 -0.36979333  0.721822    0.42810187] [-0.34508574  0.33347467 -0.33322412  0.67429525  0.4516615 ] [ 0.5474317   0.1485326   0.78502256  0.03956207 -0.24582732]
160 mil_data/data/sim_push/object_66/cond8.samp0.gif mil_data/data/sim_push/object_66/cond14.samp0.gif mil_data/data/sim_push//object_695/cond13.samp0.gif
161 58.277111 0.000000
161 [-0.35430652  0.22272126 -0.44291613  0.6380975   0.47065803] [-0.37396848  0.26427305 -0.324969    0.70085204  0.4398965 ] [ 0.51179457  0.05929881  0.73870176 -0.08276015 -0.4266386 ]
161 mil_data/data/sim_push/object_380/cond21.samp0.gif mil_data/data/sim_push/object_380/cond22.samp0.gif mil_data/data/sim_push//object_196/cond2.samp0.gif
162 63.778297 0.000000
162 [-0.36313364  0.22488727 -0.3643471   0.68706906  0.461245  ] [-0.3681142   0.0535522  -0.33169663  0.77558917  0.38737938] [ 0.50215596  0.07103165  0.74841535 -0.02684147 -0.4265535 ]
162 mil_data/data/sim_push/object_395/cond14.samp0.gif mil_data/data/sim_push/object_395/cond0.samp0.gif mil_data/data/sim_push//object_509/cond0.samp0.gif
163 60.294704 0.000000
163 [-0.37527087  0.16074303 -0.4130846   0.6693062   0.463383  ] [-0.36253417  0.08070546 -0.4066823   0.675145    0.490759  ] [ 0.5126719   0.0606525   0.74857473 -0.03781255 -0.41436073]
163 mil_data/data/sim_push/object_352/cond22.samp0.gif mil_data/data/sim_push/object_352/cond7.samp0.gif mil_data/data/sim_push//object_322/cond21.samp0.gif
164 58.152802 0.000000
164 [-0.3033196   0.31853637 -0.35947457  0.60585696  0.5569983 ] [-0.09961706  0.7499955   0.14201397  0.40795138  0.49090818] [ 0.5168743   0.07212824  0.7488542  -0.03090137 -0.40730947]
164 mil_data/data/sim_push/object_121/cond4.samp0.gif mil_data/data/sim_push/object_121/cond3.samp0.gif mil_data/data/sim_push//object_250/cond18.samp0.gif
165 61.630489 0.000000
165 [-0.38787305  0.14829652 -0.34691012  0.766765    0.34538016] [-0.40486628  0.27893627 -0.3024267   0.746611    0.3307386 ] [ 0.5107399  0.076722   0.7470919  0.0054335 -0.4184287]
165 mil_data/data/sim_push/object_115/cond3.samp0.gif mil_data/data/sim_push/object_115/cond12.samp0.gif mil_data/data/sim_push//object_132/cond12.samp0.gif
166 59.605083 0.002921
166 [-0.41786262  0.2670135  -0.33602384  0.7384347   0.30967224] [-0.3096767   0.32648072 -0.32456294  0.66117877  0.5049874 ] [ 0.5132103   0.060848    0.7413776   0.02395665 -0.42743188]
166 mil_data/data/sim_push/object_249/cond15.samp0.gif mil_data/data/sim_push/object_249/cond14.samp0.gif mil_data/data/sim_push//object_584/cond21.samp0.gif
167 64.650978 0.000000
167 [-0.3461824   0.11542396 -0.4350279   0.69712704  0.43772092] [-0.37501743  0.19359344 -0.27800032  0.7676691   0.39406025] [ 0.50956434  0.11791424  0.75898874  0.04514474 -0.38514742]
167 mil_data/data/sim_push/object_389/cond5.samp0.gif mil_data/data/sim_push/object_389/cond9.samp0.gif mil_data/data/sim_push//object_317/cond14.samp0.gif
168 62.632278 0.000000
168 [-0.30966577  0.32545838 -0.4134391   0.5473003   0.57246363] [-0.30679286  0.05965244 -0.51468533  0.5904865   0.53734934] [ 0.4995403   0.19511533  0.7795888   0.06542131 -0.31678203]
168 mil_data/data/sim_push/object_337/cond12.samp0.gif mil_data/data/sim_push/object_337/cond23.samp0.gif mil_data/data/sim_push//object_22/cond0.samp0.gif
169 64.122269 0.000000
169 [-0.33338153  0.2100966  -0.47266865  0.50288814  0.6069631 ] [-0.3285251   0.37451094 -0.32322952  0.534271    0.60157293] [0.45727697 0.356545   0.7215065  0.3339053  0.17807034]
169 mil_data/data/sim_push/object_192/cond9.samp0.gif mil_data/data/sim_push/object_192/cond4.samp0.gif mil_data/data/sim_push//object_97/cond9.samp0.gif
170 64.023354 0.000000
170 [-0.33442408  0.34632117 -0.35234356  0.55445665  0.5802189 ] [-0.35830542  0.1090201  -0.45796397  0.57346225  0.56669384] [0.4028484  0.43709758 0.68078005 0.3023031  0.30300206]
170 mil_data/data/sim_push/object_466/cond23.samp0.gif mil_data/data/sim_push/object_466/cond2.samp0.gif mil_data/data/sim_push//object_74/cond3.samp0.gif
171 61.994690 0.000000
171 [-0.40310907  0.25176004 -0.36787012  0.63916105  0.47985893] [-0.38087872  0.33486813 -0.3709519   0.5582829   0.5417654 ] [0.30328304 0.5597897  0.60761213 0.24120809 0.40900004]
171 mil_data/data/sim_push/object_739/cond1.samp0.gif mil_data/data/sim_push/object_739/cond14.samp0.gif mil_data/data/sim_push//object_611/cond19.samp0.gif
172 63.072521 0.000000
172 [-0.39939153  0.40327758 -0.2816775   0.54972726  0.5443448 ] [-0.39753482  0.40662095 -0.26039788  0.5888171   0.51196957] [0.1935475  0.65561634 0.5023251  0.17868282 0.4984461 ]
172 mil_data/data/sim_push/object_418/cond22.samp0.gif mil_data/data/sim_push/object_418/cond5.samp0.gif mil_data/data/sim_push//object_159/cond1.samp0.gif
173 61.511982 0.000000
173 [-0.41548443  0.23516579 -0.34332094  0.6730252   0.44859508] [-0.38180742 -0.01320839 -0.48070195  0.60439426  0.5076237 ] [0.12330902 0.69581115 0.4110855  0.10974706 0.5653372 ]
173 mil_data/data/sim_push/object_80/cond15.samp0.gif mil_data/data/sim_push/object_80/cond20.samp0.gif mil_data/data/sim_push//object_553/cond7.samp0.gif
174 61.046474 0.000000
174 [-0.40773362  0.30171034 -0.43247065  0.50988173  0.5437958 ] [-0.37351662  0.30112687 -0.49455845  0.36062446  0.6286254 ] [ 0.08797657  0.7745344   0.4188566  -0.33388406  0.32471097]
174 mil_data/data/sim_push/object_622/cond6.samp0.gif mil_data/data/sim_push/object_622/cond19.samp0.gif mil_data/data/sim_push//object_81/cond1.samp0.gif
175 63.426998 0.000521
175 [-0.3994195   0.34826267 -0.40081617  0.52559835  0.5312908 ] [ 0.09780683 -0.9412519   0.02763956 -0.2160961  -0.23878287] [-0.03016032  0.89612085  0.03046533 -0.16310367  0.41052014]
175 mil_data/data/sim_push/object_276/cond20.samp0.gif mil_data/data/sim_push/object_276/cond19.samp0.gif mil_data/data/sim_push//object_663/cond20.samp0.gif
176 63.830219 0.000000
176 [-0.3767397   0.10991675 -0.628601    0.46315497  0.48614165] [-0.4165706   0.11729918 -0.5553066   0.5340036   0.46817157] [-0.1571859   0.9475487  -0.17473635  0.05128316  0.21043111]
176 mil_data/data/sim_push/object_122/cond5.samp0.gif mil_data/data/sim_push/object_122/cond23.samp0.gif mil_data/data/sim_push//object_449/cond19.samp0.gif
177 60.900124 0.000000
177 [-0.43110868  0.01912201 -0.56102157  0.53072894  0.4662202 ] [-0.44625074  0.24561512 -0.40395945  0.59200937  0.4763141 ] [-0.38696286  0.8968905  -0.02001568  0.1344024  -0.16547659]
177 mil_data/data/sim_push/object_713/cond19.samp0.gif mil_data/data/sim_push/object_713/cond7.samp0.gif mil_data/data/sim_push//object_97/cond15.samp0.gif
178 59.536762 0.000000
178 [-0.4501874   0.37885752 -0.37135574  0.54077935  0.47270584] [-0.4346543  0.2419569 -0.4453289  0.5478967  0.5040078] [-0.5702586   0.6103183  -0.16495854  0.43621305 -0.29124492]
178 mil_data/data/sim_push/object_705/cond8.samp0.gif mil_data/data/sim_push/object_705/cond21.samp0.gif mil_data/data/sim_push//object_498/cond6.samp0.gif
179 60.669449 0.010823
179 [-0.40958455  0.07211945 -0.5730274   0.5633625   0.42579526] [-0.42843652  0.32687068 -0.43303612  0.5268918   0.49443135] [-4.8046252e-01  4.7287223e-01 -2.6047379e-01  6.9115907e-01
  3.5046844e-04]
179 mil_data/data/sim_push/object_526/cond18.samp0.gif mil_data/data/sim_push/object_526/cond15.samp0.gif mil_data/data/sim_push//object_591/cond6.samp0.gif
180 62.250267 0.002080
180 [-0.4592501   0.28912786 -0.42213407  0.6083527   0.3964899 ] [-0.4520339   0.30404237 -0.37675488  0.67817545  0.31836683] [-0.36442605  0.65197253 -0.01814691  0.5622575  -0.3544892 ]
180 mil_data/data/sim_push/object_115/cond10.samp0.gif mil_data/data/sim_push/object_115/cond22.samp0.gif mil_data/data/sim_push//object_323/cond1.samp0.gif
181 62.602585 0.000000
181 [-0.39757794 -0.0068272  -0.6094162   0.66423863  0.17112611] [-0.4352699   0.04335199 -0.5074086   0.72651744  0.15287133] [-0.09375057  0.66372126  0.34508562  0.3337784  -0.5658558 ]
181 mil_data/data/sim_push/object_127/cond17.samp0.gif mil_data/data/sim_push/object_127/cond20.samp0.gif mil_data/data/sim_push//object_165/cond8.samp0.gif
182 62.980251 0.000000
182 [-0.45543286  0.28444716 -0.41377154  0.6998711   0.22504288] [-0.4873667   0.29937476 -0.41520807  0.683989    0.18058188] [ 0.01638297  0.5146536   0.409102    0.02181201 -0.75300926]
182 mil_data/data/sim_push/object_23/cond15.samp0.gif mil_data/data/sim_push/object_23/cond17.samp0.gif mil_data/data/sim_push//object_119/cond13.samp0.gif
183 67.784103 0.000000
183 [-0.50097317  0.31963274 -0.35089096  0.7128044   0.12508498] [-0.47694436  0.34233108 -0.3416567   0.72420686  0.11886331] [ 0.04477416  0.5627706   0.438916   -0.01969845 -0.69874835]
183 mil_data/data/sim_push/object_87/cond6.samp0.gif mil_data/data/sim_push/object_87/cond14.samp0.gif mil_data/data/sim_push//object_255/cond0.samp0.gif
184 62.220905 0.000000
184 [-0.47159407  0.47781855 -0.35155767  0.6453886   0.09575672] [-0.44819197  0.56182563 -0.16490754  0.65882814 -0.14908649] [ 0.05975351  0.6204171   0.38011754 -0.01279191 -0.68327093]
184 mil_data/data/sim_push/object_411/cond6.samp0.gif mil_data/data/sim_push/object_411/cond2.samp0.gif mil_data/data/sim_push//object_666/cond22.samp0.gif
185 63.082741 0.017318
185 [-0.45026553  0.4287997  -0.41678214  0.6623855  -0.03049296] [-0.45469102  0.55220896 -0.3221066   0.6146438   0.08235162] [ 0.10149684  0.57788974  0.43202883 -0.06143233 -0.682143  ]
185 mil_data/data/sim_push/object_104/cond8.samp0.gif mil_data/data/sim_push/object_104/cond2.samp0.gif mil_data/data/sim_push//object_306/cond13.samp0.gif
186 61.182678 0.006551
186 [-0.44565615  0.20954219 -0.39881024  0.7735542  -0.00684977] [-0.47677672  0.27166605 -0.24879158  0.7954011  -0.06573722] [ 0.12050917  0.52874833  0.46417677 -0.0830747  -0.6953713 ]
186 mil_data/data/sim_push/object_404/cond7.samp0.gif mil_data/data/sim_push/object_404/cond23.samp0.gif mil_data/data/sim_push//object_240/cond2.samp0.gif
187 59.920364 0.010119
187 [-0.38389722  0.10357897 -0.345026    0.7942928  -0.3032331 ] [-0.36968416  0.33444476 -0.26661307  0.8000338  -0.20085706] [ 0.16475742  0.4697297   0.5003413  -0.09038832 -0.70263606]
187 mil_data/data/sim_push/object_524/cond13.samp0.gif mil_data/data/sim_push/object_524/cond6.samp0.gif mil_data/data/sim_push//object_698/cond3.samp0.gif
188 58.913609 0.014329
188 [-0.4221901   0.27449208 -0.3728589   0.77753615  0.05313589] [-0.3839113   0.4774518  -0.27249277  0.74087125  0.03885043] [ 0.16837493  0.46542254  0.507272   -0.07251345 -0.7017469 ]
188 mil_data/data/sim_push/object_519/cond23.samp0.gif mil_data/data/sim_push/object_519/cond18.samp0.gif mil_data/data/sim_push//object_203/cond19.samp0.gif
189 62.430286 0.000000
189 [-0.30103257  0.4643531  -0.10960504  0.7155102  -0.41205275] [-0.3639806   0.5285085  -0.44167578  0.60692215  0.15736882] [ 0.16422904  0.47201318  0.5065774  -0.03362691 -0.7017698 ]
189 mil_data/data/sim_push/object_71/cond3.samp0.gif mil_data/data/sim_push/object_71/cond5.samp0.gif mil_data/data/sim_push//object_161/cond16.samp0.gif
190 60.057144 0.000000
190 [-0.44076148  0.18665922 -0.2803858   0.81798214 -0.15223852] [-0.42850462  0.45188713 -0.2518407   0.7403411  -0.02555607] [ 0.1559594   0.47825268  0.5069531   0.01217698 -0.69985795]
190 mil_data/data/sim_push/object_249/cond14.samp0.gif mil_data/data/sim_push/object_249/cond0.samp0.gif mil_data/data/sim_push//object_338/cond0.samp0.gif
191 58.785843 0.007097
191 [-0.43844828  0.29435766 -0.42557204  0.7182917   0.15511988] [-0.45257777  0.26872566 -0.34945104  0.77483505  0.02178108] [ 0.11577234  0.5417905   0.47721672  0.06672741 -0.67887515]
191 mil_data/data/sim_push/object_741/cond1.samp0.gif mil_data/data/sim_push/object_741/cond15.samp0.gif mil_data/data/sim_push//object_538/cond5.samp0.gif
192 62.233067 0.004786
192 [-0.3511394   0.7043318  -0.10972444  0.6070813  -0.00554189] [-0.47170037  0.19047052 -0.2758151   0.8102931  -0.09257852] [ 0.12940343  0.5487882   0.486325    0.06434369 -0.66440505]
192 mil_data/data/sim_push/object_193/cond11.samp0.gif mil_data/data/sim_push/object_193/cond13.samp0.gif mil_data/data/sim_push//object_165/cond16.samp0.gif
193 58.200344 0.000000
193 [-0.40181625  0.40223372 -0.20685804  0.79607815  0.01486397] [-0.3940552   0.17338076 -0.49152625  0.7269607   0.21116306] [ 0.17112792  0.5288981   0.51846313  0.02588636 -0.6492363 ]
193 mil_data/data/sim_push/object_464/cond0.samp0.gif mil_data/data/sim_push/object_464/cond17.samp0.gif mil_data/data/sim_push//object_712/cond11.samp0.gif
194 62.240295 0.000000
194 [-0.46219566  0.10872962 -0.52444243  0.65589964  0.26326585] [-0.45284313  0.36179268 -0.3440041   0.7118185   0.19752182] [ 0.15364784  0.569049    0.5217779   0.04108625 -0.6153335 ]
194 mil_data/data/sim_push/object_573/cond12.samp0.gif mil_data/data/sim_push/object_573/cond19.samp0.gif mil_data/data/sim_push//object_142/cond23.samp0.gif
195 60.801830 0.000000
195 [-0.48418492  0.28357747 -0.23039846  0.78386885  0.13272104] [-0.4326574   0.3272365  -0.32538024  0.7633265   0.1310887 ] [ 0.1274821   0.6060913   0.52371407  0.07148226 -0.5805303 ]
195 mil_data/data/sim_push/object_699/cond15.samp0.gif mil_data/data/sim_push/object_699/cond10.samp0.gif mil_data/data/sim_push//object_373/cond0.samp0.gif
196 62.546074 0.000000
196 [-0.45185503 -0.18519463 -0.41265744  0.76883084 -0.01195527] [-0.4448622   0.1299866  -0.4374017   0.73992264  0.21539587] [ 0.10285766  0.6148205   0.5486345   0.07382208 -0.5522377 ]
196 mil_data/data/sim_push/object_236/cond23.samp0.gif mil_data/data/sim_push/object_236/cond19.samp0.gif mil_data/data/sim_push//object_684/cond8.samp0.gif
197 60.187656 0.000558
197 [-0.42881244  0.38353753 -0.39877665  0.6456693   0.30513465] [-0.4644802   0.3964775  -0.3546566   0.64931995  0.28225172] [ 0.13049209  0.62607914  0.5551329   0.03601721 -0.5305911 ]
197 mil_data/data/sim_push/object_598/cond23.samp0.gif mil_data/data/sim_push/object_598/cond10.samp0.gif mil_data/data/sim_push//object_624/cond1.samp0.gif
198 57.593567 0.000000
198 [-0.42570877  0.19594744 -0.4615496   0.6820763   0.31956315] [-0.47959253  0.35621527 -0.32675654  0.71035796  0.17811061] [ 0.14164236  0.6191106   0.55271596  0.01672014 -0.5393191 ]
198 mil_data/data/sim_push/object_266/cond15.samp0.gif mil_data/data/sim_push/object_266/cond18.samp0.gif mil_data/data/sim_push//object_325/cond1.samp0.gif
199 59.825672 0.000000
199 [-0.45767745  0.15315534 -0.5128859   0.61967313  0.34645054] [-0.44133553  0.02614554 -0.5518958   0.63925636  0.30216172] [ 0.1442344   0.6357674   0.54573137  0.01578887 -0.52623594]
199 mil_data/data/sim_push/object_532/cond6.samp0.gif mil_data/data/sim_push/object_532/cond8.samp0.gif mil_data/data/sim_push//object_159/cond23.samp0.gif
200 61.231514 0.000000
200 [-0.4071919   0.20788871 -0.4114012   0.7456977   0.25624436] [-0.4700099  -0.02108492 -0.42274797  0.7627187   0.13487196] [ 0.16392674  0.64257854  0.5387497   0.01519    -0.5193639 ]
200 mil_data/data/sim_push/object_20/cond4.samp0.gif mil_data/data/sim_push/object_20/cond0.samp0.gif mil_data/data/sim_push//object_496/cond21.samp0.gif
201 60.164146 0.000000
201 [-0.43581906  0.18486892 -0.5274664   0.5764626   0.406639  ] [-0.440794    0.02787488 -0.571843    0.6126448   0.32028982] [ 0.21187821  0.57562125  0.53696144 -0.00728962 -0.57912606]
201 mil_data/data/sim_push/object_493/cond5.samp0.gif mil_data/data/sim_push/object_493/cond10.samp0.gif mil_data/data/sim_push//object_748/cond20.samp0.gif
202 57.908657 0.000000
202 [-0.38741335 -0.0022765  -0.60311025  0.5558739   0.4209132 ] [-0.4053506  -0.05633894 -0.57461596  0.57356155  0.4163657 ] [ 0.20758657  0.61041135  0.50870836  0.017366   -0.5702807 ]
202 mil_data/data/sim_push/object_571/cond16.samp0.gif mil_data/data/sim_push/object_571/cond15.samp0.gif mil_data/data/sim_push//object_223/cond17.samp0.gif
203 61.363926 0.000000
203 [-0.4517158  -0.2401806  -0.4397457   0.73676735 -0.04542904] [-0.40232533 -0.28823176 -0.63894653  0.5883295   0.02593088] [ 0.20267764  0.5971904   0.4944215  -0.08172111 -0.5925829 ]
203 mil_data/data/sim_push/object_439/cond13.samp0.gif mil_data/data/sim_push/object_439/cond15.samp0.gif mil_data/data/sim_push//object_197/cond20.samp0.gif
204 60.386131 0.000000
204 [-0.41477644 -0.06623036 -0.54730093  0.72374594 -0.01508475] [-0.43809468  0.04403471 -0.55588233  0.6455569   0.28352267] [ 0.24629913  0.55710626  0.48617324 -0.14994971 -0.60837483]
204 mil_data/data/sim_push/object_487/cond17.samp0.gif mil_data/data/sim_push/object_487/cond12.samp0.gif mil_data/data/sim_push//object_333/cond8.samp0.gif
205 61.466030 0.000000
205 [-0.4289053   0.04535223 -0.5803375   0.6614619   0.19914764] [-0.42926115  0.21238807 -0.33654696  0.792491   -0.17123169] [ 0.23806989  0.5796687   0.47254947 -0.14909764 -0.6014763 ]
205 mil_data/data/sim_push/object_43/cond17.samp0.gif mil_data/data/sim_push/object_43/cond20.samp0.gif mil_data/data/sim_push//object_747/cond15.samp0.gif
206 66.274940 0.000000
206 [-0.39343435  0.19940256 -0.6270747   0.58869857  0.25624076] [-0.48243248  0.1616898  -0.4581298   0.674463    0.27628264] [ 0.20555763  0.59089154  0.38748544 -0.19618823 -0.648042  ]
206 mil_data/data/sim_push/object_573/cond8.samp0.gif mil_data/data/sim_push/object_573/cond2.samp0.gif mil_data/data/sim_push//object_712/cond22.samp0.gif
207 62.711239 0.000000
207 [-0.49405897  0.11236978 -0.5257581   0.63653636  0.24835196] [-0.43301216 -0.01376327 -0.6210297   0.54028887  0.36704367] [ 0.31084397  0.43109265  0.37625554 -0.30209854 -0.6962065 ]
207 mil_data/data/sim_push/object_68/cond17.samp0.gif mil_data/data/sim_push/object_68/cond13.samp0.gif mil_data/data/sim_push//object_19/cond13.samp0.gif
208 59.101322 0.000000
208 [-0.42776328  0.39146256 -0.4779889   0.5163151   0.4107565 ] [-0.4525084   0.28056133 -0.4722254   0.625015    0.3207506 ] [ 0.22407705  0.5074513   0.31828293 -0.2881256  -0.7127148 ]
208 mil_data/data/sim_push/object_100/cond12.samp0.gif mil_data/data/sim_push/object_100/cond5.samp0.gif mil_data/data/sim_push//object_614/cond8.samp0.gif
209 60.143986 0.000000
209 [-0.408624   -0.08252012 -0.6355687   0.5747993   0.303109  ] [-0.45149818  0.06592123 -0.51545113  0.68464977  0.23951738] [ 0.2060045   0.52763087  0.30373436 -0.24811256 -0.7248127 ]
209 mil_data/data/sim_push/object_146/cond17.samp0.gif mil_data/data/sim_push/object_146/cond8.samp0.gif mil_data/data/sim_push//object_475/cond20.samp0.gif
210 59.866077 0.000000
210 [-0.4751425   0.02290942 -0.49288958  0.68566823  0.24623917] [-0.45144445  0.08204143 -0.5183947   0.6610459   0.28940007] [ 0.16864492  0.59566796  0.39239648 -0.20387574 -0.6489978 ]
210 mil_data/data/sim_push/object_248/cond17.samp0.gif mil_data/data/sim_push/object_248/cond10.samp0.gif mil_data/data/sim_push//object_276/cond21.samp0.gif
211 61.861229 0.000000
211 [-0.42213905  0.19079664 -0.4916037   0.62679124  0.38839915] [-0.4435311   0.32821843 -0.34216294  0.6799289   0.3408433 ] [ 0.05578285  0.6973205   0.4950432  -0.01501378 -0.5151109 ]
211 mil_data/data/sim_push/object_506/cond23.samp0.gif mil_data/data/sim_push/object_506/cond15.samp0.gif mil_data/data/sim_push//object_173/cond17.samp0.gif
212 57.972496 0.000000
212 [-0.4630417   0.22295706 -0.46487206  0.62276703  0.36323237] [-0.48362    -0.04044871 -0.503065    0.6749913   0.23619458] [-0.08127995  0.7333135   0.45629564  0.13822825 -0.47784102]
212 mil_data/data/sim_push/object_664/cond14.samp0.gif mil_data/data/sim_push/object_664/cond18.samp0.gif mil_data/data/sim_push//object_71/cond23.samp0.gif
213 58.442898 0.000000
213 [-0.4655103  -0.01604084 -0.4978329   0.6781395   0.2744667 ] [-0.4387085   0.02294531 -0.56877923  0.57865155  0.38556567] [-0.11101782  0.808064    0.3767547   0.21529764 -0.3826362 ]
213 mil_data/data/sim_push/object_652/cond6.samp0.gif mil_data/data/sim_push/object_652/cond10.samp0.gif mil_data/data/sim_push//object_206/cond8.samp0.gif
214 63.849281 0.000000
214 [-0.41417962 -0.08485439 -0.63550407  0.5360862   0.36055657] [-0.44232574 -0.2165795  -0.57126033  0.6105474   0.241526  ] [-0.13631041  0.7297765   0.48126283  0.21667255 -0.41265583]
214 mil_data/data/sim_push/object_642/cond15.samp0.gif mil_data/data/sim_push/object_642/cond14.samp0.gif mil_data/data/sim_push//object_418/cond0.samp0.gif
215 62.295414 0.000000
215 [-0.43133566 -0.16099547 -0.5946121   0.54591197  0.36938685] [-0.44933173 -0.14733686 -0.57547605  0.57069004  0.34573546] [-0.15700856  0.77828914  0.44168562  0.20400216 -0.3645699 ]
215 mil_data/data/sim_push/object_91/cond2.samp0.gif mil_data/data/sim_push/object_91/cond7.samp0.gif mil_data/data/sim_push//object_37/cond3.samp0.gif
216 60.935436 0.000000
216 [-0.47522202 -0.06939294 -0.5453363   0.54219276  0.42188153] [-0.46270585 -0.05911791 -0.5263384   0.62073857  0.34649664] [-0.08969127  0.7819585   0.4843485   0.0291618  -0.3808575 ]
216 mil_data/data/sim_push/object_274/cond5.samp0.gif mil_data/data/sim_push/object_274/cond10.samp0.gif mil_data/data/sim_push//object_249/cond23.samp0.gif
217 59.012356 0.000000
217 [-0.46965668  0.07257003 -0.5276706   0.5623227   0.4236898 ] [-0.43290883 -0.28681618 -0.60004014  0.5271925   0.30388543] [-0.05335047  0.73927116  0.522504   -0.05343565 -0.41805026]
217 mil_data/data/sim_push/object_693/cond5.samp0.gif mil_data/data/sim_push/object_693/cond13.samp0.gif mil_data/data/sim_push//object_320/cond14.samp0.gif
218 59.546097 0.000000
218 [-0.45292476  0.03847438 -0.5947064   0.41140795  0.52004504] [-0.48681784 -0.09347809 -0.5198087   0.6083684   0.3375752 ] [-0.07795782  0.71044546  0.5375293  -0.03511239 -0.44611573]
218 mil_data/data/sim_push/object_246/cond11.samp0.gif mil_data/data/sim_push/object_246/cond17.samp0.gif mil_data/data/sim_push//object_697/cond2.samp0.gif
219 62.423611 0.000000
219 [-0.5060293  -0.10416748 -0.48651138  0.66358906  0.23672721] [-0.5089917   0.04084686 -0.44419667  0.6622292   0.32155976] [-0.13718653  0.6998972   0.5486474   0.06676959 -0.43110505]
219 mil_data/data/sim_push/object_749/cond4.samp0.gif mil_data/data/sim_push/object_749/cond11.samp0.gif mil_data/data/sim_push//object_457/cond2.samp0.gif
220 60.286095 0.000000
220 [-0.4763102   0.01745951 -0.5262333   0.5732406   0.4090201 ] [-0.48696548  0.2767417  -0.37172267  0.57470816  0.46670285] [-0.13637306  0.6302435   0.586267    0.07950571 -0.48390636]
220 mil_data/data/sim_push/object_247/cond22.samp0.gif mil_data/data/sim_push/object_247/cond0.samp0.gif mil_data/data/sim_push//object_591/cond23.samp0.gif
221 62.926727 0.000000
221 [-0.4958042   0.13424487 -0.4194161   0.65222704  0.36721468] [-0.47826248 -0.08674782 -0.49414587  0.63453233  0.3419479 ] [-0.10694144  0.5759038   0.61364627  0.06354033 -0.5256416 ]
221 mil_data/data/sim_push/object_652/cond2.samp0.gif mil_data/data/sim_push/object_652/cond5.samp0.gif mil_data/data/sim_push//object_513/cond11.samp0.gif
222 59.801411 0.000000
222 [-0.49995562  0.10022683 -0.41535333  0.6049976   0.44884118] [-0.4566376  -0.02448375 -0.5053508   0.564036    0.46622598] [-0.1639395   0.49013084  0.6687996   0.12285214 -0.5201058 ]
222 mil_data/data/sim_push/object_727/cond18.samp0.gif mil_data/data/sim_push/object_727/cond3.samp0.gif mil_data/data/sim_push//object_194/cond9.samp0.gif
223 62.163200 0.000000
223 [-0.4794471   0.07469618 -0.47117922  0.5686877   0.46811903] [-0.44057554 -0.09960249 -0.5678131   0.4931988   0.47991234] [-0.16020212  0.42290288  0.6825704   0.12923665 -0.55936027]
223 mil_data/data/sim_push/object_355/cond23.samp0.gif mil_data/data/sim_push/object_355/cond19.samp0.gif mil_data/data/sim_push//object_409/cond0.samp0.gif
224 58.397552 0.000000
224 [-0.48088557 -0.09561855 -0.50864667  0.6073801   0.36328247] [-0.47056684 -0.25552037 -0.39813003  0.7396021   0.08807673] [-0.23839703  0.33861318  0.63141364  0.29939425 -0.5832563 ]
224 mil_data/data/sim_push/object_264/cond15.samp0.gif mil_data/data/sim_push/object_264/cond3.samp0.gif mil_data/data/sim_push//object_513/cond13.samp0.gif
225 60.711712 0.000000
225 [-0.53194535 -0.10848857 -0.45560005  0.6488422   0.2769418 ] [-0.5102147   0.00635025 -0.4711352   0.6290899   0.3491677 ] [-0.30629706  0.27619642  0.5901066   0.38368177 -0.5783252 ]
225 mil_data/data/sim_push/object_161/cond9.samp0.gif mil_data/data/sim_push/object_161/cond18.samp0.gif mil_data/data/sim_push//object_285/cond15.samp0.gif
226 63.348896 0.000000
226 [-0.44111392 -0.35539374 -0.552601    0.5696186   0.2219922 ] [-0.43847838 -0.21698774 -0.54986334  0.629031    0.25024658] [-0.43007174  0.3083571   0.4911293   0.5213022  -0.45496163]
226 mil_data/data/sim_push/object_12/cond20.samp0.gif mil_data/data/sim_push/object_12/cond1.samp0.gif mil_data/data/sim_push//object_85/cond21.samp0.gif
227 56.504391 0.000000
227 [-0.4983545  -0.04562477 -0.4426853   0.6802406   0.3014359 ] [-0.5157446   0.13363396 -0.43612406  0.6301923   0.3588913 ] [-0.6406938   0.35181615  0.04775754  0.66449064 -0.1480149 ]
227 mil_data/data/sim_push/object_670/cond20.samp0.gif mil_data/data/sim_push/object_670/cond2.samp0.gif mil_data/data/sim_push//object_56/cond14.samp0.gif
228 63.085873 0.000000
228 [-0.4720017  -0.01028409 -0.4931496   0.64093137  0.35088333] [-0.5050758  -0.05206732 -0.46149603  0.60230386  0.40796918] [-0.63723975  0.37293202  0.05010814  0.6608275  -0.1250738 ]
228 mil_data/data/sim_push/object_613/cond22.samp0.gif mil_data/data/sim_push/object_613/cond4.samp0.gif mil_data/data/sim_push//object_283/cond15.samp0.gif
229 61.076450 0.000000
229 [-0.46752515 -0.11472538 -0.54408914  0.62354463  0.28882053] [-0.50969917  0.19752617 -0.3999132   0.6194068   0.39698204] [-0.6467313   0.3771532  -0.01420018  0.6560274  -0.09444782]
229 mil_data/data/sim_push/object_550/cond18.samp0.gif mil_data/data/sim_push/object_550/cond9.samp0.gif mil_data/data/sim_push//object_306/cond21.samp0.gif
230 62.148098 0.000000
230 [-0.48337737  0.01216158 -0.51702166  0.59434265  0.3816332 ] [-0.48483086  0.03180313 -0.49158052  0.6306471   0.35293126] [-0.6297168   0.38564754 -0.03691837  0.66335547 -0.1154523 ]
230 mil_data/data/sim_push/object_311/cond8.samp0.gif mil_data/data/sim_push/object_311/cond2.samp0.gif mil_data/data/sim_push//object_729/cond2.samp0.gif
231 61.119041 0.000000
231 [-0.46607098 -0.06213977 -0.5340367   0.6294841   0.3122036 ] [-0.48117784 -0.09781298 -0.5394628   0.5947193   0.33791924] [-0.63943523  0.37080175  0.02075348  0.63519824 -0.22298276]
231 mil_data/data/sim_push/object_311/cond20.samp0.gif mil_data/data/sim_push/object_311/cond14.samp0.gif mil_data/data/sim_push//object_44/cond6.samp0.gif
232 59.338634 0.000000
232 [-0.4861339  -0.05200518 -0.4993211   0.5916114   0.4020493 ] [-0.5182914  -0.02802284 -0.4653274   0.6522244   0.29776248] [-0.6299231   0.35707837  0.00946237  0.6420709  -0.2516891 ]
232 mil_data/data/sim_push/object_610/cond8.samp0.gif mil_data/data/sim_push/object_610/cond15.samp0.gif mil_data/data/sim_push//object_161/cond14.samp0.gif
233 61.479462 0.000000
233 [-0.5023118   0.01085803 -0.44510925  0.69910556  0.24636208] [-0.50404954  0.05661797 -0.4661394   0.63556546  0.34856716] [-0.626149    0.42875773 -0.04584463  0.6420013  -0.09918105]
233 mil_data/data/sim_push/object_396/cond16.samp0.gif mil_data/data/sim_push/object_396/cond20.samp0.gif mil_data/data/sim_push//object_360/cond1.samp0.gif
234 60.338833 0.000000
234 [-0.48347133  0.04749859 -0.46992958  0.6280735   0.38560244] [-0.4949336   0.02634207 -0.47777283  0.65667105  0.30799854] [-0.63919723  0.42383087 -0.07161073  0.6362571  -0.04293043]
234 mil_data/data/sim_push/object_144/cond12.samp0.gif mil_data/data/sim_push/object_144/cond10.samp0.gif mil_data/data/sim_push//object_364/cond0.samp0.gif
235 60.046440 0.000986
235 [-0.47443354 -0.08852352 -0.49500677  0.6820079   0.23855783] [-0.48377377 -0.07596937 -0.4835373   0.6494236   0.32346922] [-0.65045446  0.413452   -0.0747504   0.63208884 -0.02902432]
235 mil_data/data/sim_push/object_401/cond19.samp0.gif mil_data/data/sim_push/object_401/cond10.samp0.gif mil_data/data/sim_push//object_357/cond5.samp0.gif
236 60.714153 0.000000
236 [-0.46892062 -0.05144757 -0.55197877  0.5752337   0.37668607] [-0.46576196 -0.04118681 -0.5293527   0.59414816  0.38489345] [-0.6140962   0.54412466  0.10156     0.55449337 -0.09506276]
236 mil_data/data/sim_push/object_375/cond5.samp0.gif mil_data/data/sim_push/object_375/cond10.samp0.gif mil_data/data/sim_push//object_24/cond0.samp0.gif
237 62.047691 0.000000
237 [-0.495377    0.02187705 -0.47831035  0.616429    0.38125783] [-0.47292227 -0.05831819 -0.5405147   0.58453816  0.3729645 ] [-0.53427535  0.6225571   0.28786334  0.44566208 -0.2132895 ]
237 mil_data/data/sim_push/object_58/cond16.samp0.gif mil_data/data/sim_push/object_58/cond15.samp0.gif mil_data/data/sim_push//object_553/cond0.samp0.gif
238 58.958614 0.000000
238 [-0.537567    0.09849328 -0.45702058  0.58609366  0.38593668] [-0.53462076  0.07479452 -0.37783283  0.6713986   0.3391943 ] [-0.38307482  0.6163719   0.50495076  0.26463437 -0.3851397 ]
238 mil_data/data/sim_push/object_616/cond1.samp0.gif mil_data/data/sim_push/object_616/cond9.samp0.gif mil_data/data/sim_push//object_683/cond8.samp0.gif
239 62.319420 0.000000
239 [-0.49574268  0.20391826 -0.3948159   0.62147486  0.41297212] [-0.49768513  0.31788483 -0.4190604   0.52933514  0.44209895] [-0.2760949   0.6087221   0.5873932   0.1623093  -0.42644328]
239 mil_data/data/sim_push/object_735/cond21.samp0.gif mil_data/data/sim_push/object_735/cond12.samp0.gif mil_data/data/sim_push//object_227/cond5.samp0.gif
240 62.489979 0.000000
240 [-0.47630507  0.01714396 -0.45697665  0.67879635  0.32132122] [-0.5571275   0.120134   -0.41289827  0.60414517  0.37376514] [-0.16259736  0.5663462   0.65752155  0.04118927 -0.46774238]
240 mil_data/data/sim_push/object_324/cond10.samp0.gif mil_data/data/sim_push/object_324/cond9.samp0.gif mil_data/data/sim_push//object_532/cond21.samp0.gif
241 63.407402 0.000000
241 [-0.467027    0.12046693 -0.44337508  0.64487696  0.39360604] [-0.5497616   0.11144766 -0.3731513   0.62799865  0.38950917] [-0.11765882  0.49763855  0.7393921  -0.0683088  -0.43260333]
241 mil_data/data/sim_push/object_77/cond14.samp0.gif mil_data/data/sim_push/object_77/cond0.samp0.gif mil_data/data/sim_push//object_401/cond17.samp0.gif
242 60.255909 0.000000
242 [-0.5173017  0.1301982 -0.4298092  0.6115595  0.3958617] [-0.4819357  -0.3477428  -0.54867923  0.542263    0.22740929] [-0.2119312   0.634667    0.5375419  -0.04451401 -0.51122415]
242 mil_data/data/sim_push/object_542/cond11.samp0.gif mil_data/data/sim_push/object_542/cond5.samp0.gif mil_data/data/sim_push//object_394/cond6.samp0.gif
243 60.681141 0.000000
243 [-0.54249704  0.03403879 -0.40006575  0.7058122   0.2152091 ] [-0.4931198   0.12265363 -0.440819    0.65825725  0.33788309] [-0.13079445  0.63126004  0.52994543 -0.11472208 -0.53888804]
243 mil_data/data/sim_push/object_264/cond23.samp0.gif mil_data/data/sim_push/object_264/cond4.samp0.gif mil_data/data/sim_push//object_454/cond10.samp0.gif
244 57.210030 0.000000
244 [-0.5027854   0.2182427  -0.52990884  0.45458788  0.46056873] [-0.5170195  -0.03097427 -0.51406217  0.6285044   0.26917222] [-0.12035254  0.6278399   0.5346581  -0.15813282 -0.52959144]
244 mil_data/data/sim_push/object_626/cond8.samp0.gif mil_data/data/sim_push/object_626/cond19.samp0.gif mil_data/data/sim_push//object_6/cond22.samp0.gif
245 59.457623 0.000000
245 [-0.45467883 -0.08365368 -0.61340433  0.49841282  0.4019814 ] [-0.49864912  0.20717677 -0.49222907  0.55423725  0.39869595] [-0.13241915  0.67953265  0.5626152  -0.15842623 -0.4231617 ]
245 mil_data/data/sim_push/object_474/cond21.samp0.gif mil_data/data/sim_push/object_474/cond22.samp0.gif mil_data/data/sim_push//object_500/cond22.samp0.gif
246 59.940514 0.000000
246 [-0.5521033  -0.13363253 -0.5040285   0.58803165  0.2783855 ] [-0.49951822 -0.00072876 -0.47209936  0.68495417  0.24174581] [-0.25524476  0.7761839   0.46153215  0.00343507 -0.34549236]
246 mil_data/data/sim_push/object_552/cond12.samp0.gif mil_data/data/sim_push/object_552/cond5.samp0.gif mil_data/data/sim_push//object_664/cond1.samp0.gif
247 64.062653 0.000000
247 [-0.4914839   0.17037234 -0.42948535  0.58055526  0.45597675] [-0.49372512 -0.04357775 -0.4854187   0.60904306  0.38441113] [-0.2589625   0.7450791   0.5690606   0.12098758 -0.19831176]
247 mil_data/data/sim_push/object_442/cond17.samp0.gif mil_data/data/sim_push/object_442/cond1.samp0.gif mil_data/data/sim_push//object_397/cond8.samp0.gif
248 60.489429 0.000000
248 [-0.45491233 -0.08740851 -0.57792467  0.54227036  0.39668673] [-0.46745226 -0.00635615 -0.5313589   0.56382596  0.42568296] [-0.24191523  0.74079126  0.58080494  0.10816717 -0.20897543]
248 mil_data/data/sim_push/object_446/cond19.samp0.gif mil_data/data/sim_push/object_446/cond22.samp0.gif mil_data/data/sim_push//object_657/cond23.samp0.gif
249 60.550625 0.000000
249 [-0.48515865  0.1623876  -0.4266033   0.5682996   0.48300797] [-0.4700568   0.19786365 -0.42225578  0.69287175  0.2855264 ] [-0.18142657  0.7644867   0.5911241   0.01282591 -0.18180294]
249 mil_data/data/sim_push/object_440/cond19.samp0.gif mil_data/data/sim_push/object_440/cond2.samp0.gif mil_data/data/sim_push//object_581/cond2.samp0.gif
250 60.140129 0.000000
250 [-0.5088198  -0.09589843 -0.44675955  0.697436    0.21423063] [-0.5483568  -0.09087965 -0.4351548   0.6981116   0.11969232] [-0.15657076  0.80355597  0.49309903 -0.08471737 -0.28188598]
250 mil_data/data/sim_push/object_13/cond1.samp0.gif mil_data/data/sim_push/object_13/cond20.samp0.gif mil_data/data/sim_push//object_35/cond23.samp0.gif
251 63.316792 0.000000
251 [-0.48159668 -0.08218461 -0.5541111   0.5837911   0.33683708] [-0.491363   -0.07086053 -0.5800933   0.5282859   0.37141216] [-0.10834862  0.7805496   0.5095073  -0.124525   -0.3223333 ]
251 mil_data/data/sim_push/object_248/cond21.samp0.gif mil_data/data/sim_push/object_248/cond19.samp0.gif mil_data/data/sim_push//object_329/cond10.samp0.gif
252 57.704346 0.000000
252 [-0.51477426  0.11708452 -0.4602692   0.63200796  0.33168793] [-0.49679792 -0.04108859 -0.55344045  0.5502316   0.37742877] [-0.05580133  0.73259425  0.5439091  -0.16888376 -0.36855525]
252 mil_data/data/sim_push/object_137/cond20.samp0.gif mil_data/data/sim_push/object_137/cond17.samp0.gif mil_data/data/sim_push//object_286/cond21.samp0.gif
253 64.352440 0.000000
253 [-0.47389156  0.19597036 -0.4541538   0.6015089   0.41103974] [-0.48729205 -0.05098918 -0.6035282   0.47322002  0.41444305] [ 0.13675097  0.59088534  0.60045207 -0.31491956 -0.41525492]
253 mil_data/data/sim_push/object_357/cond22.samp0.gif mil_data/data/sim_push/object_357/cond7.samp0.gif mil_data/data/sim_push//object_567/cond11.samp0.gif
254 58.353703 0.000000
254 [-0.39222637 -0.39831042 -0.6521961   0.43706557  0.26668552] [-0.47820532 -0.21016333 -0.6286824   0.4935366   0.29720566] [ 0.16280164  0.549273    0.60698336 -0.34546918 -0.4289721 ]
254 mil_data/data/sim_push/object_1/cond7.samp0.gif mil_data/data/sim_push/object_1/cond3.samp0.gif mil_data/data/sim_push//object_175/cond11.samp0.gif
255 57.837341 0.000000
255 [-0.5223586   0.00628659 -0.51929915  0.5254629   0.42581576] [-0.47474232  0.18724678 -0.54105175  0.43946123  0.5036818 ] [ 0.17763458  0.5220124   0.61001116 -0.3619638  -0.43911   ]
255 mil_data/data/sim_push/object_348/cond23.samp0.gif mil_data/data/sim_push/object_348/cond10.samp0.gif mil_data/data/sim_push//object_156/cond17.samp0.gif
256 62.120651 0.000000
256 [-0.51744217  0.03904419 -0.46051586  0.65484947  0.29971045] [-0.43603355  0.02827861 -0.6146792   0.5342924   0.3818066 ] [ 0.16356052  0.54676116  0.6081552  -0.3518714  -0.42501053]
256 mil_data/data/sim_push/object_35/cond0.samp0.gif mil_data/data/sim_push/object_35/cond9.samp0.gif mil_data/data/sim_push//object_108/cond21.samp0.gif
257 65.298706 0.000000
257 [-0.4882512  -0.08706078 -0.5015115   0.63472956  0.31565127] [-0.5472972   0.27372968 -0.34815836  0.61013675  0.36339602] [ 0.14422402  0.57878333  0.5997325  -0.3432374  -0.4083116 ]
257 mil_data/data/sim_push/object_536/cond14.samp0.gif mil_data/data/sim_push/object_536/cond9.samp0.gif mil_data/data/sim_push//object_91/cond13.samp0.gif
258 56.971691 0.000000
258 [-0.48111865  0.19849844 -0.36797962  0.7137317   0.29034692] [-0.4879639   0.0569132  -0.51977694  0.5797566   0.39034146] [-0.04963534  0.7332383   0.54660314 -0.19660488 -0.34995648]
258 mil_data/data/sim_push/object_710/cond12.samp0.gif mil_data/data/sim_push/object_710/cond19.samp0.gif mil_data/data/sim_push//object_550/cond11.samp0.gif
259 63.430000 0.000000
259 [-0.55237687  0.06575581 -0.4324319   0.6379314   0.31080875] [-0.5082509   0.12992038 -0.4588249   0.6186913   0.36263263] [-0.06994557  0.75180286  0.53473866 -0.167221   -0.34057558]
259 mil_data/data/sim_push/object_573/cond3.samp0.gif mil_data/data/sim_push/object_573/cond23.samp0.gif mil_data/data/sim_push//object_230/cond7.samp0.gif
260 61.264755 0.000000
260 [-0.47762743  0.10984204 -0.5279468   0.5553454   0.41553634] [-0.5213164   0.27781954 -0.38177282  0.57148665  0.42272696] [-0.0768797   0.75670713  0.53052133 -0.14842653 -0.34351206]
260 mil_data/data/sim_push/object_393/cond7.samp0.gif mil_data/data/sim_push/object_393/cond18.samp0.gif mil_data/data/sim_push//object_212/cond21.samp0.gif
261 61.887341 0.000000
261 [-0.5205584   0.19235551 -0.45079035  0.58534986  0.38232422] [-0.4546232   0.13406734 -0.49085632  0.6130097   0.39827484] [-0.08371552  0.7658125   0.52141595 -0.11980436 -0.3468359 ]
261 mil_data/data/sim_push/object_112/cond14.samp0.gif mil_data/data/sim_push/object_112/cond2.samp0.gif mil_data/data/sim_push//object_461/cond17.samp0.gif
262 56.647964 0.000000
262 [-0.49007934  0.33016697 -0.38792387  0.54727376  0.44812784] [-0.5415516  -0.21823633 -0.41623214  0.6909328   0.09196416] [-0.06621836  0.75715643  0.5281062  -0.11698338 -0.36020526]
262 mil_data/data/sim_push/object_439/cond15.samp0.gif mil_data/data/sim_push/object_439/cond10.samp0.gif mil_data/data/sim_push//object_333/cond0.samp0.gif
